{
	"class_name" : "PoseGraph",
	"edges" : 
	[
		{
			"class_name" : "PoseGraphEdge",
			"confidence" : 1.0,
			"information" : 
			[
				770286.00467120821,
				2940.9632847869666,
				-18530.953621671517,
				0.0,
				-421611.6717017889,
				-12422.398563536,
				2940.9632847869666,
				804970.27745432232,
				36175.529880615213,
				421611.6717017889,
				0.0,
				1142.0194653852377,
				-18530.953621671517,
				36175.529880615213,
				119096.8852926148,
				12422.398563536,
				-1142.0194653852377,
				0.0,
				0.0,
				421611.6717017889,
				12422.398563536,
				249629.0,
				0.0,
				0.0,
				-421611.6717017889,
				0.0,
				-1142.0194653852377,
				0.0,
				249629.0,
				0.0,
				-12422.398563536,
				1142.0194653852377,
				0.0,
				0.0,
				0.0,
				249629.0
			],
			"source_node_id" : 0,
			"target_node_id" : 1,
			"transformation" : 
			[
				0.99999758269746408,
				-0.0010574442960302704,
				-0.001927799467799772,
				0.0,
				0.0010529279436060674,
				0.999996702571045,
				-0.0023422616810373025,
				0.0,
				0.0019302699222724087,
				0.0023402261851528891,
				0.99999539868912879,
				0.0,
				0.0012571157229892169,
				0.0077198399415250394,
				0.00010883912726717334,
				1.0
			],
			"uncertain" : false,
			"version_major" : 1,
			"version_minor" : 0
		},
		{
			"class_name" : "PoseGraphEdge",
			"confidence" : 1.0,
			"information" : 
			[
				765917.00737697084,
				3236.3958616590185,
				-20171.513883930878,
				0.0,
				-418629.38664841652,
				-10914.768702758243,
				3236.3958616590185,
				800647.16460524232,
				33194.626206182009,
				418629.38664841652,
				0.0,
				-168.636988362181,
				-20171.513883930878,
				33194.626206182009,
				116605.81119265074,
				10914.768702758243,
				168.636988362181,
				0.0,
				0.0,
				418629.38664841652,
				10914.768702758243,
				246944.0,
				0.0,
				0.0,
				-418629.38664841652,
				0.0,
				168.636988362181,
				0.0,
				246944.0,
				0.0,
				-10914.768702758243,
				-168.636988362181,
				0.0,
				0.0,
				0.0,
				246944.0
			],
			"source_node_id" : 1,
			"target_node_id" : 2,
			"transformation" : 
			[
				0.99999784616233311,
				-0.0020674779275778868,
				0.00018222435235272719,
				0.0,
				0.0020684795343208794,
				0.99998173294540238,
				-0.0056793633379722099,
				0.0,
				-0.00017047906530658145,
				0.005679728032889019,
				0.99998385568286074,
				0.0,
				0.013949099108363618,
				0.012810508421017299,
				0.00068248259504363328,
				1.0
			],
			"uncertain" : false,
			"version_major" : 1,
			"version_minor" : 0
		},
		{
			"class_name" : "PoseGraphEdge",
			"confidence" : 1.0,
			"information" : 
			[
				776434.19593397994,
				3862.3922443788356,
				-18095.687744989104,
				0.0,
				-424348.12355577946,
				-13441.746819627238,
				3862.3922443788356,
				811022.72117488086,
				37698.479517913991,
				424348.12355577946,
				0.0,
				1174.9703808383783,
				-18095.687744989104,
				37698.479517913991,
				119228.43943147759,
				13441.746819627238,
				-1174.9703808383783,
				0.0,
				0.0,
				424348.12355577946,
				13441.746819627238,
				250502.0,
				0.0,
				0.0,
				-424348.12355577946,
				0.0,
				-1174.9703808383783,
				0.0,
				250502.0,
				0.0,
				-13441.746819627238,
				1174.9703808383783,
				0.0,
				0.0,
				0.0,
				250502.0
			],
			"source_node_id" : 2,
			"target_node_id" : 3,
			"transformation" : 
			[
				0.99999754014203279,
				-0.0016774988689241647,
				-0.0014511055882468133,
				0.0,
				0.0016779810641326194,
				0.99999853736138022,
				0.00033114143580625682,
				0.0,
				0.0014505479764197169,
				-0.00033357554894448873,
				0.99999889231834682,
				0.0,
				0.005845600149112784,
				0.0071567975073544132,
				8.747882294198446e-05,
				1.0
			],
			"uncertain" : false,
			"version_major" : 1,
			"version_minor" : 0
		},
		{
			"class_name" : "PoseGraphEdge",
			"confidence" : 1.0,
			"information" : 
			[
				775977.00431259163,
				4361.3462076616661,
				-15596.315731970406,
				0.0,
				-424079.14824986458,
				-13378.726375730243,
				4361.3462076616661,
				811305.77896366781,
				37493.759760253663,
				424079.14824986458,
				0.0,
				2718.357150765718,
				-15596.315731970406,
				37493.759760253663,
				118369.88888982058,
				13378.726375730243,
				-2718.357150765718,
				0.0,
				0.0,
				424079.14824986458,
				13378.726375730243,
				250047.0,
				0.0,
				0.0,
				-424079.14824986458,
				0.0,
				-2718.357150765718,
				0.0,
				250047.0,
				0.0,
				-13378.726375730243,
				2718.357150765718,
				0.0,
				0.0,
				0.0,
				250047.0
			],
			"source_node_id" : 3,
			"target_node_id" : 4,
			"transformation" : 
			[
				0.99999393827516703,
				-0.0025154845124197105,
				0.0024074365182346954,
				0.0,
				0.0025219562013987606,
				0.99999320459823493,
				-0.002688957840998478,
				0.0,
				-0.0024006561269327509,
				0.0026950129907325929,
				0.99999348685635969,
				0.0,
				0.005463184913615856,
				0.0060702489951746461,
				4.1385167186340195e-05,
				1.0
			],
			"uncertain" : false,
			"version_major" : 1,
			"version_minor" : 0
		},
		{
			"class_name" : "PoseGraphEdge",
			"confidence" : 1.0,
			"information" : 
			[
				774465.47578344564,
				5497.0487376582851,
				-14731.256025378123,
				0.0,
				-422873.90709960461,
				-14631.761056013638,
				5497.0487376582851,
				808550.8825546992,
				39835.903716055735,
				422873.90709960461,
				0.0,
				3027.0550837280462,
				-14731.256025378123,
				39835.903716055735,
				116884.37111976798,
				14631.761056013638,
				-3027.0550837280462,
				0.0,
				0.0,
				422873.90709960461,
				14631.761056013638,
				249035.0,
				0.0,
				0.0,
				-422873.90709960461,
				0.0,
				-3027.0550837280462,
				0.0,
				249035.0,
				0.0,
				-14631.761056013638,
				3027.0550837280462,
				0.0,
				0.0,
				0.0,
				249035.0
			],
			"source_node_id" : 4,
			"target_node_id" : 5,
			"transformation" : 
			[
				0.99998957810301792,
				-0.0045456295441590588,
				-0.00042536736680163318,
				0.0,
				0.0045451469807729896,
				0.9999890338511398,
				-0.0011286347447010238,
				0.0,
				0.00043049305759984671,
				0.0011266896249830442,
				0.99999927262284316,
				0.0,
				0.0066316075251034983,
				0.0041021928288956476,
				0.0021775098190669083,
				1.0
			],
			"uncertain" : false,
			"version_major" : 1,
			"version_minor" : 0
		},
		{
			"class_name" : "PoseGraphEdge",
			"confidence" : 1.0,
			"information" : 
			[
				774982.7068752246,
				5535.1239134723419,
				-12777.926058924559,
				0.0,
				-422928.60615932941,
				-15177.983095794683,
				5535.1239134723419,
				808456.90544473892,
				40840.62008735066,
				422928.60615932941,
				0.0,
				4135.8960661921883,
				-12777.926058924559,
				40840.62008735066,
				117306.08335146213,
				15177.983095794683,
				-4135.8960661921883,
				0.0,
				0.0,
				422928.60615932941,
				15177.983095794683,
				249096.0,
				0.0,
				0.0,
				-422928.60615932941,
				0.0,
				-4135.8960661921883,
				0.0,
				249096.0,
				0.0,
				-15177.983095794683,
				4135.8960661921883,
				0.0,
				0.0,
				0.0,
				249096.0
			],
			"source_node_id" : 5,
			"target_node_id" : 6,
			"transformation" : 
			[
				0.99999093243391912,
				-0.0036590229629700449,
				-0.0021786695249877306,
				0.0,
				0.0036565208058785331,
				0.9999926520891973,
				-0.0011513571160861953,
				0.0,
				0.0021828663584447352,
				0.0011433803256322109,
				0.99999696388333692,
				0.0,
				0.0026998437596359916,
				-0.00067920189810925802,
				0.0030031556843210438,
				1.0
			],
			"uncertain" : false,
			"version_major" : 1,
			"version_minor" : 0
		},
		{
			"class_name" : "PoseGraphEdge",
			"confidence" : 1.0,
			"information" : 
			[
				776545.63655040425,
				5462.6988017544527,
				-12541.314200842577,
				0.0,
				-423459.39892077446,
				-15699.777118151775,
				5462.6988017544527,
				810303.93905319413,
				41749.030594243974,
				423459.39892077446,
				0.0,
				4402.7547561500687,
				-12541.314200842577,
				41749.030594243974,
				117774.58082632875,
				15699.777118151775,
				-4402.7547561500687,
				0.0,
				0.0,
				423459.39892077446,
				15699.777118151775,
				249251.0,
				0.0,
				0.0,
				-423459.39892077446,
				0.0,
				-4402.7547561500687,
				0.0,
				249251.0,
				0.0,
				-15699.777118151775,
				4402.7547561500687,
				0.0,
				0.0,
				0.0,
				249251.0
			],
			"source_node_id" : 6,
			"target_node_id" : 7,
			"transformation" : 
			[
				0.99999890649106793,
				-0.0014787393687848,
				1.8615787228176131e-05,
				0.0,
				0.0014786903749290242,
				0.99999602050097747,
				0.0024025938033190174,
				0.0,
				-2.2168523190832165e-05,
				-0.002402563649075836,
				0.99999711359406862,
				0.0,
				0.0046123966751649252,
				0.0035900961078398829,
				0.0026132902528514241,
				1.0
			],
			"uncertain" : false,
			"version_major" : 1,
			"version_minor" : 0
		},
		{
			"class_name" : "PoseGraphEdge",
			"confidence" : 1.0,
			"information" : 
			[
				777265.82758550532,
				5442.1691774986439,
				-14465.824378429434,
				0.0,
				-423548.41752147675,
				-16505.339030726696,
				5442.1691774986439,
				811554.98586075997,
				42940.997562828539,
				423548.41752147675,
				0.0,
				3432.234585983213,
				-14465.824378429434,
				42940.997562828539,
				117368.44967958466,
				16505.339030726696,
				-3432.234585983213,
				0.0,
				0.0,
				423548.41752147675,
				16505.339030726696,
				248961.0,
				0.0,
				0.0,
				-423548.41752147675,
				0.0,
				-3432.234585983213,
				0.0,
				248961.0,
				0.0,
				-16505.339030726696,
				3432.234585983213,
				0.0,
				0.0,
				0.0,
				248961.0
			],
			"source_node_id" : 7,
			"target_node_id" : 8,
			"transformation" : 
			[
				0.99997437914271792,
				0.0071566983114668978,
				0.00015075614388316663,
				0.0,
				-0.0071566381648656367,
				0.99997431260738401,
				-0.00039579738115421033,
				0.0,
				-0.00015358487380029686,
				0.00039470833331309155,
				0.99999991030850466,
				0.0,
				0.0044100489743839509,
				-0.0057421038316076266,
				0.003917606303945444,
				1.0
			],
			"uncertain" : false,
			"version_major" : 1,
			"version_minor" : 0
		},
		{
			"class_name" : "PoseGraphEdge",
			"confidence" : 1.0,
			"information" : 
			[
				747941.9294301261,
				4772.6976520360095,
				-15840.776093015013,
				0.0,
				-408575.44183123112,
				-18648.953182453522,
				4772.6976520360095,
				779867.69135688373,
				45733.991072707417,
				408575.44183123112,
				0.0,
				1830.628355790046,
				-15840.776093015013,
				45733.991072707417,
				110641.80555242448,
				18648.953182453522,
				-1830.628355790046,
				0.0,
				0.0,
				408575.44183123112,
				18648.953182453522,
				240458.0,
				0.0,
				0.0,
				-408575.44183123112,
				0.0,
				-1830.628355790046,
				0.0,
				240458.0,
				0.0,
				-18648.953182453522,
				1830.628355790046,
				0.0,
				0.0,
				0.0,
				240458.0
			],
			"source_node_id" : 8,
			"target_node_id" : 9,
			"transformation" : 
			[
				0.99997731272871648,
				0.0054626032609790256,
				-0.0039413187473974426,
				0.0,
				-0.0054056633641213448,
				0.99988291220318326,
				0.014315749637206977,
				0.0,
				0.0040190585277203299,
				-0.014294119409552202,
				0.99988975658262291,
				0.0,
				0.015826505708121226,
				-0.010280358781556618,
				0.005773137641962571,
				1.0
			],
			"uncertain" : false,
			"version_major" : 1,
			"version_minor" : 0
		},
		{
			"class_name" : "PoseGraphEdge",
			"confidence" : 1.0,
			"information" : 
			[
				761289.8696678842,
				3736.0661820322025,
				-17145.409089061774,
				0.0,
				-417610.32195222378,
				-15960.619768661214,
				3736.0661820322025,
				793797.11275542609,
				42048.167880488378,
				417610.32195222378,
				0.0,
				1462.6624246470165,
				-17145.409089061774,
				42048.167880488378,
				114928.6357056741,
				15960.619768661214,
				-1462.6624246470165,
				0.0,
				0.0,
				417610.32195222378,
				15960.619768661214,
				247505.0,
				0.0,
				0.0,
				-417610.32195222378,
				0.0,
				-1462.6624246470165,
				0.0,
				247505.0,
				0.0,
				-15960.619768661214,
				1462.6624246470165,
				0.0,
				0.0,
				0.0,
				247505.0
			],
			"source_node_id" : 9,
			"target_node_id" : 10,
			"transformation" : 
			[
				0.99996607787361491,
				-0.005373300509651755,
				-0.006242655179677134,
				0.0,
				0.0054362318515272226,
				0.99993413555417254,
				0.010108013493569048,
				0.0,
				0.0061879306165966742,
				-0.010141607129183685,
				0.99992942616942848,
				0.0,
				0.0053280170973145071,
				0.0018233849527280026,
				0.0032796419581900046,
				1.0
			],
			"uncertain" : false,
			"version_major" : 1,
			"version_minor" : 0
		},
		{
			"class_name" : "PoseGraphEdge",
			"confidence" : 1.0,
			"information" : 
			[
				775179.66155592178,
				3397.4127509193418,
				-19323.82217171053,
				0.0,
				-424697.36250114441,
				-15559.765104866819,
				3397.4127509193418,
				807990.2138208244,
				41866.539469835603,
				424697.36250114441,
				0.0,
				390.4604091332294,
				-19323.82217171053,
				41866.539469835603,
				117198.61917848267,
				15559.765104866819,
				-390.4604091332294,
				0.0,
				0.0,
				424697.36250114441,
				15559.765104866819,
				251576.0,
				0.0,
				0.0,
				-424697.36250114441,
				0.0,
				-390.4604091332294,
				0.0,
				251576.0,
				0.0,
				-15559.765104866819,
				390.4604091332294,
				0.0,
				0.0,
				0.0,
				251576.0
			],
			"source_node_id" : 10,
			"target_node_id" : 11,
			"transformation" : 
			[
				0.99998006246853699,
				0.0053949288327754469,
				-0.0032816776669269826,
				0.0,
				-0.005398901117070371,
				0.99998470246315418,
				-0.0012027910895760492,
				0.0,
				0.0032751384930129988,
				0.0012204845621126888,
				0.99999389192398846,
				0.0,
				0.0069840439872641746,
				-0.008138050994090238,
				0.0086154640624960411,
				1.0
			],
			"uncertain" : false,
			"version_major" : 1,
			"version_minor" : 0
		},
		{
			"class_name" : "PoseGraphEdge",
			"confidence" : 1.0,
			"information" : 
			[
				758470.35402832297,
				2728.6564917065912,
				-23473.492951032975,
				0.0,
				-415013.54652178288,
				-17111.96411630779,
				2728.6564917065912,
				788843.86991953431,
				44061.015056385157,
				415013.54652178288,
				0.0,
				-3058.126853910624,
				-23473.492951032975,
				44061.015056385157,
				111524.0077862545,
				17111.96411630779,
				3058.126853910624,
				0.0,
				0.0,
				415013.54652178288,
				17111.96411630779,
				245134.0,
				0.0,
				0.0,
				-415013.54652178288,
				0.0,
				3058.126853910624,
				0.0,
				245134.0,
				0.0,
				-17111.96411630779,
				-3058.126853910624,
				0.0,
				0.0,
				0.0,
				245134.0
			],
			"source_node_id" : 11,
			"target_node_id" : 12,
			"transformation" : 
			[
				0.99983867734467424,
				0.0077237843954769169,
				-0.016216116682597644,
				0.0,
				-0.0076010430779028899,
				0.99994210003188333,
				0.0076171338412307681,
				0.0,
				0.016274010869459923,
				-0.0074926456235128083,
				0.99983949553504925,
				0.0,
				0.013073825833633188,
				-0.013994931361657892,
				0.015625658677029457,
				1.0
			],
			"uncertain" : false,
			"version_major" : 1,
			"version_minor" : 0
		},
		{
			"class_name" : "PoseGraphEdge",
			"confidence" : 1.0,
			"information" : 
			[
				767471.46278155351,
				2806.3851460457472,
				-18292.770357938374,
				0.0,
				-421239.05213332176,
				-15878.84644036612,
				2806.3851460457472,
				799758.91589567799,
				43339.573215598808,
				421239.05213332176,
				0.0,
				1069.975200588,
				-18292.770357938374,
				43339.573215598808,
				116700.3386510212,
				15878.84644036612,
				-1069.975200588,
				0.0,
				0.0,
				421239.05213332176,
				15878.84644036612,
				250590.0,
				0.0,
				0.0,
				-421239.05213332176,
				0.0,
				-1069.975200588,
				0.0,
				250590.0,
				0.0,
				-15878.84644036612,
				1069.975200588,
				0.0,
				0.0,
				0.0,
				250590.0
			],
			"source_node_id" : 12,
			"target_node_id" : 13,
			"transformation" : 
			[
				0.9999640916156648,
				0.0076245399903097175,
				-0.0036989010792504808,
				0.0,
				-0.0076209357482794988,
				0.99997047262838468,
				0.000987527056305843,
				0.0,
				0.0037063212999560607,
				-0.00095930250834055822,
				0.99999267143370507,
				0.0,
				0.0048025430946120485,
				-0.0043807678386082322,
				0.0060105160428218724,
				1.0
			],
			"uncertain" : false,
			"version_major" : 1,
			"version_minor" : 0
		},
		{
			"class_name" : "PoseGraphEdge",
			"confidence" : 1.0,
			"information" : 
			[
				767824.37527709862,
				2768.3447763513159,
				-17901.863756493705,
				0.0,
				-421548.78225624561,
				-16473.964072348084,
				2768.3447763513159,
				800201.03062310489,
				44618.557861549314,
				421548.78225624561,
				0.0,
				1236.7113310942659,
				-17901.863756493705,
				44618.557861549314,
				116622.69089503323,
				16473.964072348084,
				-1236.7113310942659,
				0.0,
				0.0,
				421548.78225624561,
				16473.964072348084,
				250896.0,
				0.0,
				0.0,
				-421548.78225624561,
				0.0,
				-1236.7113310942659,
				0.0,
				250896.0,
				0.0,
				-16473.964072348084,
				1236.7113310942659,
				0.0,
				0.0,
				0.0,
				250896.0
			],
			"source_node_id" : 13,
			"target_node_id" : 14,
			"transformation" : 
			[
				0.99997599413365645,
				0.0055429820604005475,
				-0.0041577044486850344,
				0.0,
				-0.0055467476138300505,
				0.99998421642925306,
				-0.00089469731267667098,
				0.0,
				0.0041526795341090645,
				0.00091773757192232228,
				0.99999095646432534,
				0.0,
				0.0029754998336216144,
				-0.0086228568973926913,
				0.0063657384268723735,
				1.0
			],
			"uncertain" : false,
			"version_major" : 1,
			"version_minor" : 0
		},
		{
			"class_name" : "PoseGraphEdge",
			"confidence" : 1.0,
			"information" : 
			[
				774979.84057178698,
				2439.3158798275017,
				-19086.634037559354,
				0.0,
				-425100.63611185551,
				-16816.757335720467,
				2439.3158798275017,
				808772.72572842846,
				45508.700838314668,
				425100.63611185551,
				0.0,
				871.56805298139807,
				-19086.634037559354,
				45508.700838314668,
				118223.0988013421,
				16816.757335720467,
				-871.56805298139807,
				0.0,
				0.0,
				425100.63611185551,
				16816.757335720467,
				252854.0,
				0.0,
				0.0,
				-425100.63611185551,
				0.0,
				-871.56805298139807,
				0.0,
				252854.0,
				0.0,
				-16816.757335720467,
				871.56805298139807,
				0.0,
				0.0,
				0.0,
				252854.0
			],
			"source_node_id" : 14,
			"target_node_id" : 15,
			"transformation" : 
			[
				0.99999247103571243,
				0.0034506941911144166,
				-0.0017749877436751835,
				0.0,
				-0.0034504643261073476,
				0.9999940383456718,
				0.00013254828639334596,
				0.0,
				0.0017754345454137207,
				-0.00012642275655320258,
				0.99999841592347605,
				0.0,
				0.0011674293397461019,
				-0.009389821850233156,
				0.0065611053207700228,
				1.0
			],
			"uncertain" : false,
			"version_major" : 1,
			"version_minor" : 0
		},
		{
			"class_name" : "PoseGraphEdge",
			"confidence" : 1.0,
			"information" : 
			[
				771266.65538381378,
				2090.573492465543,
				-19896.928042405547,
				0.0,
				-422644.21586620808,
				-17109.325344312587,
				2090.573492465543,
				804712.76288087922,
				46234.606130918102,
				422644.21586620808,
				0.0,
				503.11668449651916,
				-19896.928042405547,
				46234.606130918102,
				117987.04291152058,
				17109.325344312587,
				-503.11668449651916,
				0.0,
				0.0,
				422644.21586620808,
				17109.325344312587,
				251447.0,
				0.0,
				0.0,
				-422644.21586620808,
				0.0,
				-503.11668449651916,
				0.0,
				251447.0,
				0.0,
				-17109.325344312587,
				503.11668449651916,
				0.0,
				0.0,
				0.0,
				251447.0
			],
			"source_node_id" : 15,
			"target_node_id" : 16,
			"transformation" : 
			[
				0.99999720191770891,
				0.002298756321865757,
				-0.00055845870493252941,
				0.0,
				-0.0022979986025328286,
				0.99999644337224369,
				0.0013536784276214308,
				0.0,
				0.00056156849554606602,
				-0.0013523913025942898,
				0.99999892783871991,
				0.0,
				0.0054418578944628558,
				-0.010067151598183012,
				0.0059071599241537227,
				1.0
			],
			"uncertain" : false,
			"version_major" : 1,
			"version_minor" : 0
		},
		{
			"class_name" : "PoseGraphEdge",
			"confidence" : 1.0,
			"information" : 
			[
				769316.25286419701,
				1387.7023043077786,
				-20613.954447659828,
				0.0,
				-421954.83002758026,
				-16574.296156639233,
				1387.7023043077786,
				802315.20303780015,
				45566.690149015587,
				421954.83002758026,
				0.0,
				-73.220833388506435,
				-20613.954447659828,
				45566.690149015587,
				117834.94065441242,
				16574.296156639233,
				73.220833388506435,
				0.0,
				0.0,
				421954.83002758026,
				16574.296156639233,
				251522.0,
				0.0,
				0.0,
				-421954.83002758026,
				0.0,
				73.220833388506435,
				0.0,
				251522.0,
				0.0,
				-16574.296156639233,
				-73.220833388506435,
				0.0,
				0.0,
				0.0,
				251522.0
			],
			"source_node_id" : 16,
			"target_node_id" : 17,
			"transformation" : 
			[
				0.9999822510727403,
				0.0036496991022013851,
				-0.0047092712768299393,
				0.0,
				-0.0036273480824296936,
				0.99998215867078399,
				0.0047460179106044156,
				0.0,
				0.0047265087944780865,
				-0.004728851507742101,
				0.99997764878922779,
				0.0,
				0.00031933316441854094,
				-0.0063931974638377197,
				0.0072478619094018355,
				1.0
			],
			"uncertain" : false,
			"version_major" : 1,
			"version_minor" : 0
		},
		{
			"class_name" : "PoseGraphEdge",
			"confidence" : 1.0,
			"information" : 
			[
				775035.11977310351,
				1275.9572600443071,
				-20662.504998806748,
				0.0,
				-424755.85569262505,
				-16533.53469681344,
				1275.9572600443071,
				808658.2595982122,
				46085.807552071798,
				424755.85569262505,
				0.0,
				278.00910334207583,
				-20662.504998806748,
				46085.807552071798,
				119371.40347080455,
				16533.53469681344,
				-278.00910334207583,
				0.0,
				0.0,
				424755.85569262505,
				16533.53469681344,
				253338.0,
				0.0,
				0.0,
				-424755.85569262505,
				0.0,
				-278.00910334207583,
				0.0,
				253338.0,
				0.0,
				-16533.53469681344,
				278.00910334207583,
				0.0,
				0.0,
				0.0,
				253338.0
			],
			"source_node_id" : 17,
			"target_node_id" : 18,
			"transformation" : 
			[
				0.99999811600369015,
				0.00064828709635169008,
				-0.0018296756299960161,
				0.0,
				-0.00064462796130593605,
				0.99999779269791456,
				0.0019997635083560984,
				0.0,
				0.0018309680122274052,
				-0.0019985802807378152,
				0.99999632660975291,
				0.0,
				-4.8731610152678156e-06,
				-0.0072723490524561549,
				0.006630166511563243,
				1.0
			],
			"uncertain" : false,
			"version_major" : 1,
			"version_minor" : 0
		},
		{
			"class_name" : "PoseGraphEdge",
			"confidence" : 1.0,
			"information" : 
			[
				774655.01878936973,
				1583.3373092085615,
				-20092.654475762916,
				0.0,
				-423872.30129873753,
				-17590.293886571191,
				1583.3373092085615,
				808268.98860053904,
				48292.953854362102,
				423872.30129873753,
				0.0,
				874.11890514451079,
				-20092.654475762916,
				48292.953854362102,
				118912.94029431592,
				17590.293886571191,
				-874.11890514451079,
				0.0,
				0.0,
				423872.30129873753,
				17590.293886571191,
				252595.0,
				0.0,
				0.0,
				-423872.30129873753,
				0.0,
				-874.11890514451079,
				0.0,
				252595.0,
				0.0,
				-17590.293886571191,
				874.11890514451079,
				0.0,
				0.0,
				0.0,
				252595.0
			],
			"source_node_id" : 18,
			"target_node_id" : 19,
			"transformation" : 
			[
				0.99998522135961576,
				0.0053695091149550626,
				-0.00085172426530851365,
				0.0,
				-0.0053683512173308455,
				0.99998467093794674,
				0.0013559846360365431,
				0.0,
				0.00085899218103733458,
				-0.0013513922414307396,
				0.99999871793489936,
				0.0,
				-0.001209051728408938,
				-0.009154635258908108,
				0.0077790016036036339,
				1.0
			],
			"uncertain" : false,
			"version_major" : 1,
			"version_minor" : 0
		},
		{
			"class_name" : "PoseGraphEdge",
			"confidence" : 1.0,
			"information" : 
			[
				768778.19830223976,
				1136.5838874795038,
				-18193.924360316283,
				0.0,
				-417203.5914286375,
				-21810.617287626374,
				1136.5838874795038,
				801634.98124691891,
				55263.243159557685,
				417203.5914286375,
				0.0,
				2203.5706711973762,
				-18193.924360316283,
				55263.243159557685,
				116005.21488355343,
				21810.617287626374,
				-2203.5706711973762,
				0.0,
				0.0,
				417203.5914286375,
				21810.617287626374,
				246540.0,
				0.0,
				0.0,
				-417203.5914286375,
				0.0,
				-2203.5706711973762,
				0.0,
				246540.0,
				0.0,
				-21810.617287626374,
				2203.5706711973762,
				0.0,
				0.0,
				0.0,
				246540.0
			],
			"source_node_id" : 19,
			"target_node_id" : 20,
			"transformation" : 
			[
				0.99999341200266123,
				0.0036297217022072652,
				-3.2735914398040593e-05,
				0.0,
				-0.0036292381974967606,
				0.99994705109195747,
				0.0096293116370194404,
				0.0,
				6.7685902493328686e-05,
				-0.0096291293927090408,
				0.99995363656809477,
				0.0,
				-0.0041942501411786773,
				-0.026837697587076565,
				0.022742523590253395,
				1.0
			],
			"uncertain" : false,
			"version_major" : 1,
			"version_minor" : 0
		},
		{
			"class_name" : "PoseGraphEdge",
			"confidence" : 1.0,
			"information" : 
			[
				778720.63390811987,
				298.16446555443844,
				-21598.236535014934,
				0.0,
				-422297.32231783867,
				-18202.765585411806,
				298.16446555443844,
				811472.00475612003,
				50955.289901135671,
				422297.32231783867,
				0.0,
				1339.0816623644205,
				-21598.236535014934,
				50955.289901135671,
				120709.95093186485,
				18202.765585411806,
				-1339.0816623644205,
				0.0,
				0.0,
				422297.32231783867,
				18202.765585411806,
				251338.0,
				0.0,
				0.0,
				-422297.32231783867,
				0.0,
				-1339.0816623644205,
				0.0,
				251338.0,
				0.0,
				-18202.765585411806,
				1339.0816623644205,
				0.0,
				0.0,
				0.0,
				251338.0
			],
			"source_node_id" : 20,
			"target_node_id" : 21,
			"transformation" : 
			[
				0.99998625790223128,
				0.0031163551739897739,
				0.0042157249816526582,
				0.0,
				-0.0031229029120335744,
				0.99999392637297446,
				0.0015474800690405814,
				0.0,
				-0.004210876879391672,
				-0.0015606241032397111,
				0.9999899164333178,
				0.0,
				0.0028416372370495282,
				-0.0082174425047215251,
				0.0070322197120207958,
				1.0
			],
			"uncertain" : false,
			"version_major" : 1,
			"version_minor" : 0
		},
		{
			"class_name" : "PoseGraphEdge",
			"confidence" : 1.0,
			"information" : 
			[
				781994.66428638785,
				-472.30971505868018,
				-25709.061637424045,
				0.0,
				-423161.95347642899,
				-18408.245603992138,
				-472.30971505868018,
				815766.46390917152,
				51487.790814993685,
				423161.95347642899,
				0.0,
				-766.42264679446816,
				-25709.061637424045,
				51487.790814993685,
				122138.89331934511,
				18408.245603992138,
				766.42264679446816,
				0.0,
				0.0,
				423161.95347642899,
				18408.245603992138,
				251655.0,
				0.0,
				0.0,
				-423161.95347642899,
				0.0,
				766.42264679446816,
				0.0,
				251655.0,
				0.0,
				-18408.245603992138,
				-766.42264679446816,
				0.0,
				0.0,
				0.0,
				251655.0
			],
			"source_node_id" : 21,
			"target_node_id" : 22,
			"transformation" : 
			[
				0.9999962689519869,
				-0.0027212161988985862,
				0.00023888177774711005,
				0.0,
				0.0027206018417255452,
				0.9999930847045605,
				0.0025355213816478646,
				0.0,
				-0.00024577982766543533,
				-0.0025348620192913603,
				0.99999675702815172,
				0.0,
				0.0013108158048207,
				-0.012687757070059711,
				0.0072585316875833292,
				1.0
			],
			"uncertain" : false,
			"version_major" : 1,
			"version_minor" : 0
		},
		{
			"class_name" : "PoseGraphEdge",
			"confidence" : 1.0,
			"information" : 
			[
				779239.80703734001,
				-403.59651153004779,
				-26527.851354601826,
				0.0,
				-421685.1470528245,
				-18589.552017411217,
				-403.59651153004779,
				812806.79321869148,
				52350.442707251983,
				421685.1470528245,
				0.0,
				-1081.1019815993495,
				-26527.851354601826,
				52350.442707251983,
				121928.19772614067,
				18589.552017411217,
				1081.1019815993495,
				0.0,
				0.0,
				421685.1470528245,
				18589.552017411217,
				251296.0,
				0.0,
				0.0,
				-421685.1470528245,
				0.0,
				1081.1019815993495,
				0.0,
				251296.0,
				0.0,
				-18589.552017411217,
				-1081.1019815993495,
				0.0,
				0.0,
				0.0,
				251296.0
			],
			"source_node_id" : 22,
			"target_node_id" : 23,
			"transformation" : 
			[
				0.99999646789577679,
				0.0020666835714342018,
				-0.0016712315777868156,
				0.0,
				-0.0020553691548023389,
				0.99997514854634251,
				0.0067437191043621791,
				0.0,
				0.0016851271787360633,
				-0.0067402602870079284,
				0.99997586432756203,
				0.0,
				-0.0014243753631076909,
				-0.0056616793060345148,
				0.0076472079405360731,
				1.0
			],
			"uncertain" : false,
			"version_major" : 1,
			"version_minor" : 0
		},
		{
			"class_name" : "PoseGraphEdge",
			"confidence" : 1.0,
			"information" : 
			[
				781531.06265475333,
				-622.50801205694393,
				-26986.588903306154,
				0.0,
				-422560.27622771263,
				-18340.751201955485,
				-622.50801205694393,
				814881.45783137111,
				52658.864615309496,
				422560.27622771263,
				0.0,
				-1157.9555754265748,
				-26986.588903306154,
				52658.864615309496,
				122822.69533729425,
				18340.751201955485,
				1157.9555754265748,
				0.0,
				0.0,
				422560.27622771263,
				18340.751201955485,
				252214.0,
				0.0,
				0.0,
				-422560.27622771263,
				0.0,
				1157.9555754265748,
				0.0,
				252214.0,
				0.0,
				-18340.751201955485,
				-1157.9555754265748,
				0.0,
				0.0,
				0.0,
				252214.0
			],
			"source_node_id" : 23,
			"target_node_id" : 24,
			"transformation" : 
			[
				0.99999184209299252,
				0.0035800476557298253,
				-0.0018705630825441894,
				0.0,
				-0.003576154047288367,
				0.99999144080213187,
				0.0020807317719886745,
				0.0,
				0.0018779961909271496,
				-0.0020740253758340195,
				0.99999608576686316,
				0.0,
				-0.0024378449419018454,
				-0.0070902317991966548,
				0.0074112270162174062,
				1.0
			],
			"uncertain" : false,
			"version_major" : 1,
			"version_minor" : 0
		},
		{
			"class_name" : "PoseGraphEdge",
			"confidence" : 1.0,
			"information" : 
			[
				784592.56236442889,
				-862.59018905425523,
				-26540.080043387734,
				0.0,
				-423509.29333877563,
				-18580.496723735239,
				-862.59018905425523,
				817949.26045125886,
				53683.175714545454,
				423509.29333877563,
				0.0,
				-849.538389114663,
				-26540.080043387734,
				53683.175714545454,
				123330.25249002728,
				18580.496723735239,
				849.538389114663,
				0.0,
				0.0,
				423509.29333877563,
				18580.496723735239,
				252704.0,
				0.0,
				0.0,
				-423509.29333877563,
				0.0,
				849.538389114663,
				0.0,
				252704.0,
				0.0,
				-18580.496723735239,
				-849.538389114663,
				0.0,
				0.0,
				0.0,
				252704.0
			],
			"source_node_id" : 24,
			"target_node_id" : 25,
			"transformation" : 
			[
				0.99999618367581589,
				-0.0025392639268492995,
				-0.0010884725601960582,
				0.0,
				0.002540045548721219,
				0.99999651681094759,
				0.00071731066039331119,
				0.0,
				0.0010866473277560741,
				-0.00072007269278472194,
				0.99999915034609066,
				0.0,
				-0.00091203644191659031,
				-0.0080017710718095995,
				0.0083164540482019798,
				1.0
			],
			"uncertain" : false,
			"version_major" : 1,
			"version_minor" : 0
		},
		{
			"class_name" : "PoseGraphEdge",
			"confidence" : 1.0,
			"information" : 
			[
				789960.29094025982,
				-1395.3669084105579,
				-25876.815049091663,
				0.0,
				-425749.22375017405,
				-18629.220440801233,
				-1395.3669084105579,
				823924.47764003696,
				54243.823874523398,
				425749.22375017405,
				0.0,
				-341.3816172783263,
				-25876.815049091663,
				54243.823874523398,
				124542.91267142181,
				18629.220440801233,
				341.3816172783263,
				0.0,
				0.0,
				425749.22375017405,
				18629.220440801233,
				253936.0,
				0.0,
				0.0,
				-425749.22375017405,
				0.0,
				341.3816172783263,
				0.0,
				253936.0,
				0.0,
				-18629.220440801233,
				-341.3816172783263,
				0.0,
				0.0,
				0.0,
				253936.0
			],
			"source_node_id" : 25,
			"target_node_id" : 26,
			"transformation" : 
			[
				0.99998058194545447,
				-0.0056053045056038411,
				-0.0027232872469737071,
				0.0,
				0.0056085933353119018,
				0.99998354985978244,
				0.0012015367770952282,
				0.0,
				0.002716507469006342,
				-0.00121678725629207,
				0.99999556999815931,
				0.0,
				-0.0070897302994026093,
				-0.0077733887211610233,
				0.0081908995789336959,
				1.0
			],
			"uncertain" : false,
			"version_major" : 1,
			"version_minor" : 0
		},
		{
			"class_name" : "PoseGraphEdge",
			"confidence" : 1.0,
			"information" : 
			[
				795258.32631243416,
				-1617.0932848386135,
				-26049.864793279783,
				0.0,
				-427218.4661642313,
				-18334.382885183324,
				-1617.0932848386135,
				828779.99222058174,
				54490.940203992606,
				427218.4661642313,
				0.0,
				-268.85177376586944,
				-26049.864793279783,
				54490.940203992606,
				125341.91864824363,
				18334.382885183324,
				268.85177376586944,
				0.0,
				0.0,
				427218.4661642313,
				18334.382885183324,
				254477.0,
				0.0,
				0.0,
				-427218.4661642313,
				0.0,
				268.85177376586944,
				0.0,
				254477.0,
				0.0,
				-18334.382885183324,
				-268.85177376586944,
				0.0,
				0.0,
				0.0,
				254477.0
			],
			"source_node_id" : 26,
			"target_node_id" : 27,
			"transformation" : 
			[
				0.99999513465026202,
				-0.002094753585614696,
				0.0023114245004228458,
				0.0,
				0.0021005144714028074,
				0.99999468701268113,
				-0.0024927465503458571,
				0.0,
				-0.0023061905300794257,
				0.0024975896028747746,
				0.99999422174901365,
				0.0,
				-0.0027999857355561048,
				-0.0095558465993228411,
				0.0070418754434389084,
				1.0
			],
			"uncertain" : false,
			"version_major" : 1,
			"version_minor" : 0
		},
		{
			"class_name" : "PoseGraphEdge",
			"confidence" : 1.0,
			"information" : 
			[
				784947.06446786865,
				-1570.0893787334196,
				-25959.945061250397,
				0.0,
				-421036.23978203535,
				-19148.864560336689,
				-1570.0893787334196,
				817847.66996467055,
				56129.352516670428,
				421036.23978203535,
				0.0,
				-341.17797300650273,
				-25959.945061250397,
				56129.352516670428,
				123592.97933706411,
				19148.864560336689,
				341.17797300650273,
				0.0,
				0.0,
				421036.23978203535,
				19148.864560336689,
				250787.0,
				0.0,
				0.0,
				-421036.23978203535,
				0.0,
				341.17797300650273,
				0.0,
				250787.0,
				0.0,
				-19148.864560336689,
				-341.17797300650273,
				0.0,
				0.0,
				0.0,
				250787.0
			],
			"source_node_id" : 27,
			"target_node_id" : 28,
			"transformation" : 
			[
				0.99999674220535784,
				-0.0020420556142830715,
				-0.0015315311096053179,
				0.0,
				0.0020379467124017414,
				0.99999433310560759,
				-0.0026796510720298147,
				0.0,
				0.0015369944270962194,
				0.0026765211634871481,
				0.9999952369299524,
				0.0,
				-0.00051414470999034203,
				-0.01596576637814829,
				0.0065769303596529679,
				1.0
			],
			"uncertain" : false,
			"version_major" : 1,
			"version_minor" : 0
		},
		{
			"class_name" : "PoseGraphEdge",
			"confidence" : 1.0,
			"information" : 
			[
				778682.51407558843,
				-1700.8409294176111,
				-26339.352518771651,
				0.0,
				-418208.99687671661,
				-19795.537344690296,
				-1700.8409294176111,
				811534.12225549505,
				57490.644525804819,
				418208.99687671661,
				0.0,
				-649.74882162705762,
				-26339.352518771651,
				57490.644525804819,
				122509.38309659892,
				19795.537344690296,
				649.74882162705762,
				0.0,
				0.0,
				418208.99687671661,
				19795.537344690296,
				249794.0,
				0.0,
				0.0,
				-418208.99687671661,
				0.0,
				649.74882162705762,
				0.0,
				249794.0,
				0.0,
				-19795.537344690296,
				-649.74882162705762,
				0.0,
				0.0,
				0.0,
				249794.0
			],
			"source_node_id" : 28,
			"target_node_id" : 29,
			"transformation" : 
			[
				0.99998873116752451,
				-0.0018349561176319606,
				-0.0043784099865956149,
				0.0,
				0.0018554358325448893,
				0.99998733692708286,
				0.0046779635902496741,
				0.0,
				0.004369770684562701,
				-0.0046860347338403526,
				0.99997947288063715,
				0.0,
				-0.0044778561919291112,
				-0.010431238988912076,
				0.0078339508605085283,
				1.0
			],
			"uncertain" : false,
			"version_major" : 1,
			"version_minor" : 0
		},
		{
			"class_name" : "PoseGraphEdge",
			"confidence" : 1.0,
			"information" : 
			[
				780703.34146168595,
				-2116.9116791833294,
				-28288.891245425966,
				0.0,
				-419933.19008457661,
				-19637.832463086583,
				-2116.9116791833294,
				814397.64911283914,
				57773.807966900458,
				419933.19008457661,
				0.0,
				-1499.7680892894277,
				-28288.891245425966,
				57773.807966900458,
				123631.85386649726,
				19637.832463086583,
				1499.7680892894277,
				0.0,
				0.0,
				419933.19008457661,
				19637.832463086583,
				251815.0,
				0.0,
				0.0,
				-419933.19008457661,
				0.0,
				1499.7680892894277,
				0.0,
				251815.0,
				0.0,
				-19637.832463086583,
				-1499.7680892894277,
				0.0,
				0.0,
				0.0,
				251815.0
			],
			"source_node_id" : 29,
			"target_node_id" : 30,
			"transformation" : 
			[
				0.99999861220335273,
				0.001023578122710278,
				-0.0013144881878540203,
				0.0,
				-0.0010171909177393466,
				0.99998771846590051,
				0.0048505917165116994,
				0.0,
				0.0013194370034857387,
				-0.004849247899430616,
				0.99998737186066733,
				0.0,
				-0.0028136640983747012,
				-0.0077234659643516728,
				0.0059988554940762044,
				1.0
			],
			"uncertain" : false,
			"version_major" : 1,
			"version_minor" : 0
		},
		{
			"class_name" : "PoseGraphEdge",
			"confidence" : 1.0,
			"information" : 
			[
				780283.98317942,
				-2296.5254973121628,
				-28262.427693011359,
				0.0,
				-419841.30518954992,
				-19571.385831650463,
				-2296.5254973121628,
				813878.02659448027,
				58189.223748661308,
				419841.30518954992,
				0.0,
				-1228.2382597597316,
				-28262.427693011359,
				58189.223748661308,
				123917.84625903965,
				19571.385831650463,
				1228.2382597597316,
				0.0,
				0.0,
				419841.30518954992,
				19571.385831650463,
				252476.0,
				0.0,
				0.0,
				-419841.30518954992,
				0.0,
				1228.2382597597316,
				0.0,
				252476.0,
				0.0,
				-19571.385831650463,
				-1228.2382597597316,
				0.0,
				0.0,
				0.0,
				252476.0
			],
			"source_node_id" : 30,
			"target_node_id" : 31,
			"transformation" : 
			[
				0.99999160258825148,
				0.0038078778127855228,
				0.0015148661799896689,
				0.0,
				-0.0038135578644887974,
				0.99998564259177025,
				0.0037644902363238538,
				0.0,
				-0.0015005097115901632,
				-0.003770235654183665,
				0.99999176686296609,
				0.0,
				-0.0021732963980832759,
				-0.005769072406514671,
				0.0065141975999523111,
				1.0
			],
			"uncertain" : false,
			"version_major" : 1,
			"version_minor" : 0
		},
		{
			"class_name" : "PoseGraphEdge",
			"confidence" : 1.0,
			"information" : 
			[
				778808.73939516814,
				-2700.8761609874414,
				-30472.569260996759,
				0.0,
				-418688.40116339922,
				-19635.279474662035,
				-2700.8761609874414,
				812247.02932477428,
				58570.356333091338,
				418688.40116339922,
				0.0,
				-2239.389911981707,
				-30472.569260996759,
				58570.356333091338,
				124090.5031188353,
				19635.279474662035,
				2239.389911981707,
				0.0,
				0.0,
				418688.40116339922,
				19635.279474662035,
				252215.0,
				0.0,
				0.0,
				-418688.40116339922,
				0.0,
				2239.389911981707,
