{
	"class_name" : "PoseGraph",
	"edges" : 
	[
		{
			"class_name" : "PoseGraphEdge",
			"confidence" : 1.0,
			"information" : 
			[
				552364.60790650197,
				758.41686051848058,
				-4610.481642391801,
				0.0,
				-346728.90853255987,
				-23528.381138536206,
				758.41686051848058,
				562907.77422656794,
				63968.229584806206,
				346728.90853255987,
				0.0,
				1589.257772230194,
				-4610.481642391801,
				63968.229584806206,
				81664.790078544436,
				23528.381138536206,
				-1589.257772230194,
				0.0,
				0.0,
				346728.90853255987,
				23528.381138536206,
				258816.0,
				0.0,
				0.0,
				-346728.90853255987,
				0.0,
				-1589.257772230194,
				0.0,
				258816.0,
				0.0,
				-23528.381138536206,
				1589.257772230194,
				0.0,
				0.0,
				0.0,
				258816.0
			],
			"source_node_id" : 0,
			"target_node_id" : 1,
			"transformation" : 
			[
				0.99999095705053964,
				-0.0017558396105738232,
				0.0038733505402694856,
				0.0,
				0.001738070482251328,
				0.99998797314250343,
				0.0045861401359261807,
				0.0,
				-0.0038813564825448048,
				-0.0045793665074512612,
				0.99998198207479971,
				0.0,
				0.0045567019468203077,
				-0.0068075725147653228,
				-0.00016550063597781496,
				1.0
			],
			"uncertain" : false,
			"version_major" : 1,
			"version_minor" : 0
		},
		{
			"class_name" : "PoseGraphEdge",
			"confidence" : 1.0,
			"information" : 
			[
				540637.43851120688,
				1056.9911151779013,
				-5432.8174780725712,
				0.0,
				-342869.19086271524,
				-23809.859076765249,
				1056.9911151779013,
				550817.07273009978,
				63234.630770337288,
				342869.19086271524,
				0.0,
				1225.9224176194984,
				-5432.8174780725712,
				63234.630770337288,
				79990.937409943304,
				23809.859076765249,
				-1225.9224176194984,
				0.0,
				0.0,
				342869.19086271524,
				23809.859076765249,
				258792.0,
				0.0,
				0.0,
				-342869.19086271524,
				0.0,
				-1225.9224176194984,
				0.0,
				258792.0,
				0.0,
				-23809.859076765249,
				1225.9224176194984,
				0.0,
				0.0,
				0.0,
				258792.0
			],
			"source_node_id" : 1,
			"target_node_id" : 2,
			"transformation" : 
			[
				0.99999496924826925,
				-0.0027709771342816322,
				0.0015437499388501281,
				0.0,
				0.0027635125792985623,
				0.99998458123012812,
				0.0048166689972771407,
				0.0,
				-0.0015570730157799429,
				-0.0048123785934359427,
				0.99998720818613351,
				0.0,
				0.0042223379022540758,
				-0.008624511845677342,
				-0.00049141416692017833,
				1.0
			],
			"uncertain" : false,
			"version_major" : 1,
			"version_minor" : 0
		},
		{
			"class_name" : "PoseGraphEdge",
			"confidence" : 1.0,
			"information" : 
			[
				518917.41137057764,
				665.65280562992496,
				-4688.3600358004087,
				0.0,
				-334979.81737399101,
				-22568.567480054102,
				665.65280562992496,
				528392.26389534504,
				59254.914098253117,
				334979.81737399101,
				0.0,
				1562.7602334518451,
				-4688.3600358004087,
				59254.914098253117,
				75797.159454196342,
				22568.567480054102,
				-1562.7602334518451,
				0.0,
				0.0,
				334979.81737399101,
				22568.567480054102,
				257185.0,
				0.0,
				0.0,
				-334979.81737399101,
				0.0,
				-1562.7602334518451,
				0.0,
				257185.0,
				0.0,
				-22568.567480054102,
				1562.7602334518451,
				0.0,
				0.0,
				0.0,
				257185.0
			],
			"source_node_id" : 2,
			"target_node_id" : 3,
			"transformation" : 
			[
				0.99999946970550446,
				-0.0009488461296281442,
				-0.00040034951220435601,
				0.0,
				0.00095206123794615489,
				0.99996667250848348,
				0.0081084802342700994,
				0.0,
				0.00039264246947193237,
				-0.0081088570916398681,
				0.99996704559128224,
				0.0,
				0.00078707003298667867,
				-0.006522628053659771,
				-3.5308503718615587e-05,
				1.0
			],
			"uncertain" : false,
			"version_major" : 1,
			"version_minor" : 0
		},
		{
			"class_name" : "PoseGraphEdge",
			"confidence" : 1.0,
			"information" : 
			[
				504380.68715668848,
				889.76352726614311,
				-5610.8294559522365,
				0.0,
				-330655.33263641596,
				-21501.191892918141,
				889.76352726614311,
				513431.65102316317,
				56175.524619625809,
				330655.33263641596,
				0.0,
				1109.4256621070672,
				-5610.8294559522365,
				56175.524619625809,
				73236.574774584442,
				21501.191892918141,
				-1109.4256621070672,
				0.0,
				0.0,
				330655.33263641596,
				21501.191892918141,
				257661.0,
				0.0,
				0.0,
				-330655.33263641596,
				0.0,
				-1109.4256621070672,
				0.0,
				257661.0,
				0.0,
				-21501.191892918141,
				1109.4256621070672,
				0.0,
				0.0,
				0.0,
				257661.0
			],
			"source_node_id" : 3,
			"target_node_id" : 4,
			"transformation" : 
			[
				0.99999492617358487,
				-0.0019296484822982167,
				0.0025345776415498754,
				0.0,
				0.001910833947662658,
				0.99997075908529642,
				0.0074047071515862348,
				0.0,
				-0.0025487920100981665,
				-0.0073998264243870298,
				0.9999693726450718,
				0.0,
				0.0042886943078694409,
				-0.0043659051748867802,
				-0.00013554843859662255,
				1.0
			],
			"uncertain" : false,
			"version_major" : 1,
			"version_minor" : 0
		},
		{
			"class_name" : "PoseGraphEdge",
			"confidence" : 1.0,
			"information" : 
			[
				496672.98453499231,
				816.93719657306337,
				-6651.2735343802897,
				0.0,
				-328390.39991861582,
				-21048.371816076979,
				816.93719657306337,
				504994.27987260011,
				54769.616091891519,
				328390.39991861582,
				0.0,
				483.6315136232879,
				-6651.2735343802897,
				54769.616091891519,
				71781.814948867759,
				21048.371816076979,
				-483.6315136232879,
				0.0,
				0.0,
				328390.39991861582,
				21048.371816076979,
				258197.0,
				0.0,
				0.0,
				-328390.39991861582,
				0.0,
				-483.6315136232879,
				0.0,
				258197.0,
				0.0,
				-21048.371816076979,
				483.6315136232879,
				0.0,
				0.0,
				0.0,
				258197.0
			],
			"source_node_id" : 4,
			"target_node_id" : 5,
			"transformation" : 
			[
				0.99999676498123991,
				0.0012488151036982999,
				-0.0022159620689196718,
				0.0,
				-0.0012428689622851509,
				0.99999562925887231,
				0.002682674019290664,
				0.0,
				0.0022193025473567132,
				-0.0026799111903128272,
				0.99999394636778449,
				0.0,
				0.0037386648513381346,
				-0.0059955344933062321,
				2.1952482612529837e-05,
				1.0
			],
			"uncertain" : false,
			"version_major" : 1,
			"version_minor" : 0
		},
		{
			"class_name" : "PoseGraphEdge",
			"confidence" : 1.0,
			"information" : 
			[
				490329.34639825334,
				875.93874691705741,
				-7731.1790814330461,
				0.0,
				-326520.29174464941,
				-20692.494275304023,
				875.93874691705741,
				498711.75045556528,
				53560.426661737314,
				326520.29174464941,
				0.0,
				-44.550818906980567,
				-7731.1790814330461,
				53560.426661737314,
				70928.498223002083,
				20692.494275304023,
				44.550818906980567,
				0.0,
				0.0,
				326520.29174464941,
				20692.494275304023,
				258560.0,
				0.0,
				0.0,
				-326520.29174464941,
				0.0,
				44.550818906980567,
				0.0,
				258560.0,
				0.0,
				-20692.494275304023,
				-44.550818906980567,
				0.0,
				0.0,
				0.0,
				258560.0
			],
			"source_node_id" : 5,
			"target_node_id" : 6,
			"transformation" : 
			[
				0.99998483250300874,
				0.0044518668751523955,
				-0.0032427835660193841,
				0.0,
				-0.0044482253111426916,
				0.99998946890534368,
				0.0011293228017563695,
				0.0,
				0.0032477770107311914,
				-0.0011148810408192463,
				0.99999410447499815,
				0.0,
				0.0023663527087502945,
				-0.0060108889066647969,
				0.00039883992228821261,
				1.0
			],
			"uncertain" : false,
			"version_major" : 1,
			"version_minor" : 0
		},
		{
			"class_name" : "PoseGraphEdge",
			"confidence" : 1.0,
			"information" : 
			[
				484543.0191203815,
				893.66514850013709,
				-8493.6181445444126,
				0.0,
				-324582.41564589739,
				-20454.105505042011,
				893.66514850013709,
				492947.39977863006,
				52714.541778933723,
				324582.41564589739,
				0.0,
				-337.33205513475696,
				-8493.6181445444126,
				52714.541778933723,
				70334.54946782648,
				20454.105505042011,
				337.33205513475696,
				0.0,
				0.0,
				324582.41564589739,
				20454.105505042011,
				258640.0,
				0.0,
				0.0,
				-324582.41564589739,
				0.0,
				337.33205513475696,
				0.0,
				258640.0,
				0.0,
				-20454.105505042011,
				-337.33205513475696,
				0.0,
				0.0,
				0.0,
				258640.0
			],
			"source_node_id" : 6,
			"target_node_id" : 7,
			"transformation" : 
			[
				0.99999166942221562,
				0.0029680932228333037,
				-0.0028020543876789597,
				0.0,
				-0.0029660358782254191,
				0.99999532891075982,
				0.00073809744066884522,
				0.0,
				0.0028042320410442954,
				-0.00072978029804410998,
				0.99999580184287573,
				0.0,
				0.003990402557998503,
				-0.0053417333806002002,
				-3.8938922610062823e-06,
				1.0
			],
			"uncertain" : false,
			"version_major" : 1,
			"version_minor" : 0
		},
		{
			"class_name" : "PoseGraphEdge",
			"confidence" : 1.0,
			"information" : 
			[
				478635.17779213242,
				782.24963820243806,
				-9323.121146657475,
				0.0,
				-322676.43853193521,
				-19670.668678621703,
				782.24963820243806,
				487168.24220556184,
				51115.686640440894,
				322676.43853193521,
				0.0,
				-744.25625857460545,
				-9323.121146657475,
				51115.686640440894,
				69678.407067107633,
				19670.668678621703,
				744.25625857460545,
				0.0,
				0.0,
				322676.43853193521,
				19670.668678621703,
				258728.0,
				0.0,
				0.0,
				-322676.43853193521,
				0.0,
				744.25625857460545,
				0.0,
				258728.0,
				0.0,
				-19670.668678621703,
				-744.25625857460545,
				0.0,
				0.0,
				0.0,
				258728.0
			],
			"source_node_id" : 7,
			"target_node_id" : 8,
			"transformation" : 
			[
				0.9999703753970236,
				0.0044449027242696526,
				-0.0062841998780783217,
				0.0,
				-0.0044503274223872558,
				0.99998973640811806,
				-0.00084950824380032944,
				0.0,
				0.0062803593981083095,
				0.00087744982450105584,
				0.99997989338167992,
				0.0,
				0.001512487071545388,
				-0.0044794076511453888,
				-0.00017090493932874341,
				1.0
			],
			"uncertain" : false,
			"version_major" : 1,
			"version_minor" : 0
		},
		{
			"class_name" : "PoseGraphEdge",
			"confidence" : 1.0,
			"information" : 
			[
				475727.66617297265,
				681.28815535620697,
				-10375.418179210283,
				0.0,
				-321422.18311810493,
				-19876.606547774107,
				681.28815535620697,
				484262.47876806551,
				51052.841405865955,
				321422.18311810493,
				0.0,
				-1250.8445581521955,
				-10375.418179210283,
				51052.841405865955,
				69173.701085409819,
				19876.606547774107,
				1250.8445581521955,
				0.0,
				0.0,
				321422.18311810493,
				19876.606547774107,
				258399.0,
				0.0,
				0.0,
				-321422.18311810493,
				0.0,
				1250.8445581521955,
				0.0,
				258399.0,
				0.0,
				-19876.606547774107,
				-1250.8445581521955,
				0.0,
				0.0,
				0.0,
				258399.0
			],
			"source_node_id" : 8,
			"target_node_id" : 9,
			"transformation" : 
			[
				0.99992494886252159,
				0.010152494849160736,
				-0.0068573676160193411,
				0.0,
				-0.010172500103420447,
				0.99994408601729268,
				-0.0028887853308475478,
				0.0,
				0.0068276558150932734,
				0.0029583250970056812,
				0.99997231533112529,
				0.0,
				0.00044043075524609256,
				-0.0082255859699381009,
				0.00049975798756931938,
				1.0
			],
			"uncertain" : false,
			"version_major" : 1,
			"version_minor" : 0
		},
		{
			"class_name" : "PoseGraphEdge",
			"confidence" : 1.0,
			"information" : 
			[
				471934.387605328,
				674.51893592528018,
				-11022.823829588377,
				0.0,
				-319768.96101427078,
				-20252.71866644395,
				674.51893592528018,
				480505.77198099712,
				51251.202559469217,
				319768.96101427078,
				0.0,
				-1451.5566554037505,
				-11022.823829588377,
				51251.202559469217,
				68807.028871639559,
				20252.71866644395,
				1451.5566554037505,
				0.0,
				0.0,
				319768.96101427078,
				20252.71866644395,
				258060.0,
				0.0,
				0.0,
				-319768.96101427078,
				0.0,
				1451.5566554037505,
				0.0,
				258060.0,
				0.0,
				-20252.71866644395,
				-1451.5566554037505,
				0.0,
				0.0,
				0.0,
				258060.0
			],
			"source_node_id" : 9,
			"target_node_id" : 10,
			"transformation" : 
			[
				0.99997422611119124,
				0.0051145815795685112,
				-0.0050386673426246666,
				0.0,
				-0.0051207242250459794,
				0.9999861606251873,
				-0.0012069554702918452,
				0.0,
				0.0050324245384030415,
				0.0012327259882790825,
				0.99998657745486963,
				0.0,
				0.0016744362628892558,
				-0.0079340181075018244,
				-0.00034840985504129004,
				1.0
			],
			"uncertain" : false,
			"version_major" : 1,
			"version_minor" : 0
		},
		{
			"class_name" : "PoseGraphEdge",
			"confidence" : 1.0,
			"information" : 
			[
				468583.97175780043,
				764.31411699405976,
				-12289.901005218819,
				0.0,
				-318183.77195900679,
				-20479.191814084188,
				764.31411699405976,
				476699.03304390126,
				51554.071939640904,
				318183.77195900679,
				0.0,
				-2094.6545946739498,
				-12289.901005218819,
				51554.071939640904,
				68458.692858376104,
				20479.191814084188,
				2094.6545946739498,
				0.0,
				0.0,
				318183.77195900679,
				20479.191814084188,
				257920.0,
				0.0,
				0.0,
				-318183.77195900679,
				0.0,
				2094.6545946739498,
				0.0,
				257920.0,
				0.0,
				-20479.191814084188,
				-2094.6545946739498,
				0.0,
				0.0,
				0.0,
				257920.0
			],
			"source_node_id" : 10,
			"target_node_id" : 11,
			"transformation" : 
			[
				0.99997022927092538,
				0.0026378436136976339,
				-0.0072513690378522636,
				0.0,
				-0.0026256430673605737,
				0.99999512236471966,
				0.0016915215792163586,
				0.0,
				0.00725579563771397,
				-0.0016724317145425896,
				0.99997227781665265,
				0.0,
				0.0012639489761452054,
				-0.0041090653077762197,
				-0.00097294141724709935,
				1.0
			],
			"uncertain" : false,
			"version_major" : 1,
			"version_minor" : 0
		},
		{
			"class_name" : "PoseGraphEdge",
			"confidence" : 1.0,
			"information" : 
			[
				464686.66822962224,
				659.70375129779336,
				-13709.888308507911,
				0.0,
				-316874.03949099779,
				-20101.335017912206,
				659.70375129779336,
				472771.65195218136,
				50641.694998348001,
				316874.03949099779,
				0.0,
				-2930.753705459123,
				-13709.888308507911,
				50641.694998348001,
				67854.271519194634,
				20101.335017912206,
				2930.753705459123,
				0.0,
				0.0,
				316874.03949099779,
				20101.335017912206,
				257995.0,
				0.0,
				0.0,
				-316874.03949099779,
				0.0,
				2930.753705459123,
				0.0,
				257995.0,
				0.0,
				-20101.335017912206,
				-2930.753705459123,
				0.0,
				0.0,
				0.0,
				257995.0
			],
			"source_node_id" : 11,
			"target_node_id" : 12,
			"transformation" : 
			[
				0.99990352725791276,
				0.0087358686301913374,
				-0.01079910998468145,
				0.0,
				-0.008761661550770225,
				0.99995886996391847,
				-0.0023434306800932604,
				0.0,
				0.010778193914332887,
				0.0024378227496449807,
				0.99993894191404842,
				0.0,
				-0.0014182589700791064,
				-0.0065503663379874871,
				-0.00055849643571516806,
				1.0
			],
			"uncertain" : false,
			"version_major" : 1,
			"version_minor" : 0
		},
		{
			"class_name" : "PoseGraphEdge",
			"confidence" : 1.0,
			"information" : 
			[
				459626.31359216344,
				913.77037359780616,
				-15365.225658576606,
				0.0,
				-314440.02581632137,
				-20115.104373160924,
				913.77037359780616,
				467746.88977318967,
				50217.731662953935,
				314440.02581632137,
				0.0,
				-3693.3092099438072,
				-15365.225658576606,
				50217.731662953935,
				67227.923528561427,
				20115.104373160924,
				3693.3092099438072,
				0.0,
				0.0,
				314440.02581632137,
				20115.104373160924,
				257099.0,
				0.0,
				0.0,
				-314440.02581632137,
				0.0,
				3693.3092099438072,
				0.0,
				257099.0,
				0.0,
				-20115.104373160924,
				-3693.3092099438072,
				0.0,
				0.0,
				0.0,
				257099.0
			],
			"source_node_id" : 12,
			"target_node_id" : 13,
			"transformation" : 
			[
				0.99989224230006879,
				0.010978586223147306,
				-0.0097454826807348849,
				0.0,
				-0.010977280075017363,
				0.99993973026519145,
				0.000187508219133904,
				0.0,
				0.0097469538982294344,
				-8.0509120826835067e-05,
				0.99995249407558751,
				0.0,
				-0.0027443846980681596,
				-0.005468464701523605,
				-0.00038940999804040473,
				1.0
			],
			"uncertain" : false,
			"version_major" : 1,
			"version_minor" : 0
		},
		{
			"class_name" : "PoseGraphEdge",
			"confidence" : 1.0,
			"information" : 
			[
				460769.8871989653,
				1156.6484242688693,
				-16023.151893382974,
				0.0,
				-315618.82431083918,
				-19865.882198106032,
				1156.6484242688693,
				468970.79169152078,
				50148.06650011587,
				315618.82431083918,
				0.0,
				-3662.3985536056571,
				-16023.151893382974,
				50148.06650011587,
				67632.826130348592,
				19865.882198106032,
				3662.3985536056571,
				0.0,
				0.0,
				315618.82431083918,
				19865.882198106032,
				258963.0,
				0.0,
				0.0,
				-315618.82431083918,
				0.0,
				3662.3985536056571,
				0.0,
				258963.0,
				0.0,
				-19865.882198106032,
				-3662.3985536056571,
				0.0,
				0.0,
				0.0,
				258963.0
			],
			"source_node_id" : 13,
			"target_node_id" : 14,
			"transformation" : 
			[
				0.99996877211715762,
				0.005604295687389179,
				-0.0055719530106413933,
				0.0,
				-0.00560949733836186,
				0.99998384495383252,
				-0.00091835230713195213,
				0.0,
				0.0055667162776089065,
				0.00094957948451636603,
				0.9999840548572192,
				0.0,
				-0.002643966067517968,
				-0.0029275367408426838,
				-0.001075627856900466,
				1.0
			],
			"uncertain" : false,
			"version_major" : 1,
			"version_minor" : 0
		},
		{
			"class_name" : "PoseGraphEdge",
			"confidence" : 1.0,
			"information" : 
			[
				457209.30232637504,
				1196.7137874001485,
				-16625.481686709274,
				0.0,
				-313999.94226789474,
				-19653.949189034582,
				1196.7137874001485,
				465426.58751499845,
				49542.135082127119,
				313999.94226789474,
				0.0,
				-3974.6599742001272,
				-16625.481686709274,
				49542.135082127119,
				67083.478439339931,
				19653.949189034582,
				3974.6599742001272,
				0.0,
				0.0,
				313999.94226789474,
				19653.949189034582,
				258297.0,
				0.0,
				0.0,
				-313999.94226789474,
				0.0,
				3974.6599742001272,
				0.0,
				258297.0,
				0.0,
				-19653.949189034582,
				-3974.6599742001272,
				0.0,
				0.0,
				0.0,
				258297.0
			],
			"source_node_id" : 14,
			"target_node_id" : 15,
			"transformation" : 
			[
				0.99995585044420965,
				0.0052498923843034388,
				-0.0077933171596010426,
				0.0,
				-0.0052653744690406221,
				0.99998420246373343,
				-0.0019673979442435701,
				0.0,
				0.0077828654169062048,
				0.0020083458176995681,
				0.99996769625472293,
				0.0,
				-0.0036130099978309974,
				-0.0037230986641748902,
				-0.00092811577346242906,
				1.0
			],
			"uncertain" : false,
			"version_major" : 1,
			"version_minor" : 0
		},
		{
			"class_name" : "PoseGraphEdge",
			"confidence" : 1.0,
			"information" : 
			[
				455647.56073656649,
				1271.5984584218418,
				-16777.754863637056,
				0.0,
				-313319.69759696722,
				-19490.594771770237,
				1271.5984584218418,
				463993.14939579851,
				49188.779037904766,
				313319.69759696722,
				0.0,
				-3852.8174804606242,
				-16777.754863637056,
				49188.779037904766,
				66950.557808020589,
				19490.594771770237,
				3852.8174804606242,
				0.0,
				0.0,
				313319.69759696722,
				19490.594771770237,
				258165.0,
				0.0,
				0.0,
				-313319.69759696722,
				0.0,
				3852.8174804606242,
				0.0,
				258165.0,
				0.0,
				-19490.594771770237,
				-3852.8174804606242,
				0.0,
				0.0,
				0.0,
				258165.0
			],
			"source_node_id" : 15,
			"target_node_id" : 16,
			"transformation" : 
			[
				0.99995454736299227,
				0.0066827261334566831,
				-0.0068003220143236284,
				0.0,
				-0.0066883705138824461,
				0.9999773064727594,
				-0.0008076133695752286,
				0.0,
				0.0067947706320601597,
				0.00085305973466340626,
				0.99997655141565522,
				0.0,
				-0.0068519500243496827,
				-0.0014945074185545382,
				-0.00047097641910490308,
				1.0
			],
			"uncertain" : false,
			"version_major" : 1,
			"version_minor" : 0
		},
		{
			"class_name" : "PoseGraphEdge",
			"confidence" : 1.0,
			"information" : 
			[
				458060.06020328664,
				1410.3329385722113,
				-17174.330024538871,
				0.0,
				-313752.79035955667,
				-19558.41616490006,
				1410.3329385722113,
				466412.79987563682,
				49576.437306790933,
				313752.79035955667,
				0.0,
				-3995.3564422378549,
				-17174.330024538871,
				49576.437306790933,
				67174.206898233446,
				19558.41616490006,
				3995.3564422378549,
				0.0,
				0.0,
				313752.79035955667,
				19558.41616490006,
				257766.0,
				0.0,
				0.0,
				-313752.79035955667,
				0.0,
				3995.3564422378549,
				0.0,
				257766.0,
				0.0,
				-19558.41616490006,
				-3995.3564422378549,
				0.0,
				0.0,
				0.0,
				257766.0
			],
			"source_node_id" : 16,
			"target_node_id" : 17,
			"transformation" : 
			[
				0.99999009533101346,
				0.0037245572296391088,
				-0.0024365781978979593,
				0.0,
				-0.0037298360816413051,
				0.99999069929849471,
				-0.0021655575060200785,
				0.0,
				0.0024284897931462031,
				0.0021746240941680696,
				0.99999468670957159,
				0.0,
				-0.0040519557682975578,
				-0.00065747629093161012,
				-0.00075596392280554846,
				1.0
			],
			"uncertain" : false,
			"version_major" : 1,
			"version_minor" : 0
		},
		{
			"class_name" : "PoseGraphEdge",
			"confidence" : 1.0,
			"information" : 
			[
				459887.45914607006,
				1579.6138021068805,
				-18065.699692416652,
				0.0,
				-314173.68968313932,
				-19166.51383247663,
				1579.6138021068805,
				468556.2952747916,
				49245.642868138224,
				314173.68968313932,
				0.0,
				-4440.5396256211097,
				-18065.699692416652,
				49245.642868138224,
				67253.02797544717,
				19166.51383247663,
				4440.5396256211097,
				0.0,
				0.0,
				314173.68968313932,
				19166.51383247663,
				257436.0,
				0.0,
				0.0,
				-314173.68968313932,
				0.0,
				4440.5396256211097,
				0.0,
				257436.0,
				0.0,
				-19166.51383247663,
				-4440.5396256211097,
				0.0,
				0.0,
				0.0,
				257436.0
			],
			"source_node_id" : 17,
			"target_node_id" : 18,
			"transformation" : 
			[
				0.9999849620618515,
				0.0036669899765809579,
				-0.0040778468176192783,
				0.0,
				-0.0036831365387172462,
				0.99998537973030255,
				-0.003959145220832256,
				0.0,
				0.0040632690525583999,
				0.0039741049500645661,
				0.99998384803678286,
				0.0,
				-0.0026946001103127512,
				-0.0006303604319491255,
				0.00011264762026800939,
				1.0
			],
			"uncertain" : false,
			"version_major" : 1,
			"version_minor" : 0
		},
		{
			"class_name" : "PoseGraphEdge",
			"confidence" : 1.0,
			"information" : 
			[
				464453.81333550339,
				1694.3324995412427,
				-18622.961860577791,
				0.0,
				-315775.46055924892,
				-19282.318343240593,
				1694.3324995412427,
				473411.27319796954,
				49746.180948737645,
				315775.46055924892,
				0.0,
				-4378.374854874739,
				-18622.961860577791,
				49746.180948737645,
				67906.528892762915,
				19282.318343240593,
				4378.374854874739,
				0.0,
				0.0,
				315775.46055924892,
				19282.318343240593,
				257540.0,
				0.0,
				0.0,
				-315775.46055924892,
				0.0,
				4378.374854874739,
				0.0,
				257540.0,
				0.0,
				-19282.318343240593,
				-4378.374854874739,
				0.0,
				0.0,
				0.0,
				257540.0
			],
			"source_node_id" : 18,
			"target_node_id" : 19,
			"transformation" : 
			[
				0.99991933378013009,
				0.0090955748410745437,
				-0.0088654639478790709,
				0.0,
				-0.0091252910874403941,
				0.99995286137032025,
				-0.0033172428127472265,
				0.0,
				0.0088348738117877291,
				0.0033978751624587343,
				0.99995519872097793,
				0.0,
				-0.0084088952870538074,
				0.00088368540901218214,
				0.00080805513760484594,
				1.0
			],
			"uncertain" : false,
			"version_major" : 1,
			"version_minor" : 0
		},
		{
			"class_name" : "PoseGraphEdge",
			"confidence" : 1.0,
			"information" : 
			[
				466546.44486773247,
				1836.5306963025994,
				-19131.179377307191,
				0.0,
				-315515.87314927578,
				-18574.132210853917,
				1836.5306963025994,
				476172.81901919772,
				48924.729232916026,
				315515.87314927578,
				0.0,
				-4464.2233849947806,
				-19131.179377307191,
				48924.729232916026,
				67734.4778894419,
				18574.132210853917,
				4464.2233849947806,
				0.0,
				0.0,
				315515.87314927578,
				18574.132210853917,
				255537.0,
				0.0,
				0.0,
				-315515.87314927578,
				0.0,
				4464.2233849947806,
				0.0,
				255537.0,
				0.0,
				-18574.132210853917,
				-4464.2233849947806,
				0.0,
				0.0,
				0.0,
				255537.0
			],
			"source_node_id" : 19,
			"target_node_id" : 20,
			"transformation" : 
			[
				0.99986542356369046,
				0.011324353870437676,
				-0.011869868205629455,
				0.0,
				-0.011413665781446827,
				0.9999068567986803,
				-0.0074837130098300364,
				0.0,
				0.011784014393717424,
				0.0076181845869716901,
				0.9999015452875184,
				0.0,
				-0.01224991670256393,
				0.00013576660458642273,
				0.0013377434578150027,
				1.0
			],
			"uncertain" : false,
			"version_major" : 1,
			"version_minor" : 0
		},
		{
			"class_name" : "PoseGraphEdge",
			"confidence" : 1.0,
			"information" : 
			[
				476571.64763825363,
				2105.1371469207475,
				-19942.580144898453,
				0.0,
				-319236.52336406708,
				-19705.297906470892,
				2105.1371469207475,
				486125.67640546383,
				51422.182356439189,
				319236.52336406708,
				0.0,
				-4610.9258472344954,
				-19942.580144898453,
				51422.182356439189,
				69930.59617338494,
				19705.297906470892,
				4610.9258472344954,
				0.0,
				0.0,
				319236.52336406708,
				19705.297906470892,
				256455.0,
				0.0,
				0.0,
				-319236.52336406708,
				0.0,
				4610.9258472344954,
				0.0,
				256455.0,
				0.0,
				-19705.297906470892,
				-4610.9258472344954,
				0.0,
				0.0,
				0.0,
				256455.0
			],
			"source_node_id" : 20,
			"target_node_id" : 21,
			"transformation" : 
			[
				0.99994158760531071,
				0.0076182088377228906,
				-0.0076670901570613341,
				0.0,
				-0.0076391710910541774,
				0.99996715302371741,
				-0.0027084938032581659,
				0.0,
				0.0076462044449038908,
				0.0027669058071294436,
				0.99996693934841685,
				0.0,
				-0.0085057368933138342,
				0.0024220003029944226,
				0.00059156414498368439,
				1.0
			],
			"uncertain" : false,
			"version_major" : 1,
			"version_minor" : 0
		},
		{
			"class_name" : "PoseGraphEdge",
			"confidence" : 1.0,
			"information" : 
			[
				482680.89310549223,
				2256.9658987482267,
				-20508.970178889351,
				0.0,
				-321871.4422019124,
				-19937.311539349554,
				2256.9658987482267,
				492740.4564136542,
				52213.977134295907,
				321871.4422019124,
				0.0,
				-4709.5204218161525,
				-20508.970178889351,
				52213.977134295907,
				71187.624308265949,
				19937.311539349554,
				4709.5204218161525,
				0.0,
				0.0,
				321871.4422019124,
				19937.311539349554,
				257336.0,
				0.0,
				0.0,
				-321871.4422019124,
				0.0,
				4709.5204218161525,
				0.0,
				257336.0,
				0.0,
				-19937.311539349554,
				-4709.5204218161525,
				0.0,
				0.0,
				0.0,
				257336.0
			],
			"source_node_id" : 21,
			"target_node_id" : 22,
			"transformation" : 
			[
				0.99995573744995869,
				0.0073036581991676669,
				-0.0059312492628967031,
				0.0,
				-0.0073286432126128476,
				0.99996431778023198,
				-0.0042016847784688161,
				0.0,
				0.0059003499532744204,
				0.0042449668108388945,
				0.99997358271466508,
				0.0,
				-0.0053160251382408721,
				0.00050561348546097342,
				0.0008101603608409296,
				1.0
			],
			"uncertain" : false,
			"version_major" : 1,
			"version_minor" : 0
		},
		{
			"class_name" : "PoseGraphEdge",
			"confidence" : 1.0,
			"information" : 
			[
				484603.92918106791,
				2482.306838931373,
				-21330.718829275454,
				0.0,
				-321860.72993946075,
				-20020.694187308021,
				2482.306838931373,
				494560.17444194295,
				52684.266136648141,
				321860.72993946075,
				0.0,
				-5140.8520281600649,
				-21330.718829275454,
				52684.266136648141,
				71721.686558309753,
				20020.694187308021,
				5140.8520281600649,
				0.0,
				0.0,
				321860.72993946075,
				20020.694187308021,
				256354.0,
				0.0,
				0.0,
				-321860.72993946075,
				0.0,
				5140.8520281600649,
				0.0,
				256354.0,
				0.0,
				-20020.694187308021,
				-5140.8520281600649,
				0.0,
				0.0,
				0.0,
				256354.0
			],
			"source_node_id" : 22,
			"target_node_id" : 23,
			"transformation" : 
			[
				0.99993525939119243,
				0.0059971690579468063,
				-0.0096701080428102833,
				0.0,
				-0.0060209628904684702,
				0.9999789132511544,
				-0.0024333226073657683,
				0.0,
				0.0096553110846217816,
				0.0024913884342513248,
				0.99995028273986097,
				0.0,
				-0.0078361092293944834,
				0.001132693871077158,
				0.00056293128380678257,
				1.0
			],
			"uncertain" : false,
			"version_major" : 1,
			"version_minor" : 0
		},
		{
			"class_name" : "PoseGraphEdge",
			"confidence" : 1.0,
			"information" : 
			[
				486894.40523448715,
				2553.3463214039607,
				-21721.40015383928,
				0.0,
				-322252.70252299309,
				-20094.548843814409,
				2553.3463214039607,
				497015.84533150966,
				52980.056403635848,
				322252.70252299309,
				0.0,
				-5098.4023989429115,
				-21721.40015383928,
				52980.056403635848,
				72188.584042264949,
				20094.548843814409,
				5098.4023989429115,
				0.0,
				0.0,
				322252.70252299309,
				20094.548843814409,
				255661.0,
				0.0,
				0.0,
				-322252.70252299309,
				0.0,
				5098.4023989429115,
				0.0,
				255661.0,
				0.0,
				-20094.548843814409,
				-5098.4023989429115,
				0.0,
				0.0,
				0.0,
				255661.0
			],
			"source_node_id" : 23,
			"target_node_id" : 24,
			"transformation" : 
			[
				0.99990207561674449,
				0.009798400152414944,
				-0.0099915229959942065,
				0.0,
				-0.0098141641527501929,
				0.99995066953390865,
				-0.0015299283218395609,
				0.0,
				0.0099760392596059504,
				0.0016278369513708841,
				0.99994891308883871,
				0.0,
				-0.0086321122558623356,
				0.0030274783608956581,
				0.0007881259234524911,
				1.0
			],
			"uncertain" : false,
			"version_major" : 1,
			"version_minor" : 0
		},
		{
			"class_name" : "PoseGraphEdge",
			"confidence" : 1.0,
			"information" : 
			[
				493490.21873943519,
				2901.3410034713729,
				-22738.474723297761,
				0.0,
				-324790.46695590019,
				-20105.160107686184,
				2901.3410034713729,
				504151.50529057533,
				53513.171911492005,
				324790.46695590019,
				0.0,
				-5288.3808819769765,
				-22738.474723297761,
				53513.171911492005,
				73080.776201439367,
				20105.160107686184,
				5288.3808819769765,
				0.0,
				0.0,
				324790.46695590019,
				20105.160107686184,
				256144.0,
				0.0,
				0.0,
				-324790.46695590019,
				0.0,
				5288.3808819769765,
				0.0,
				256144.0,
				0.0,
				-20105.160107686184,
				-5288.3808819769765,
				0.0,
				0.0,
				0.0,
				256144.0
			],
			"source_node_id" : 24,
			"target_node_id" : 25,
			"transformation" : 
			[
				0.9999303508983749,
				0.0087564873810719226,
				-0.0079131081755853833,
				0.0,
				-0.0087862221120675512,
				0.99995444091783814,
				-0.003730735810988896,
				0.0,
				0.007880079520588822,
				0.0038000022946187702,
				0.99996173143241307,
				0.0,
				-0.0085964804854261629,
				0.0014289030008939807,
				0.0014680524452076408,
				1.0
			],
			"uncertain" : false,
			"version_major" : 1,
			"version_minor" : 0
		},
		{
			"class_name" : "PoseGraphEdge",
			"confidence" : 1.0,
			"information" : 
			[
				498166.16309605166,
				3009.5762032631096,
				-22854.792419116908,
				0.0,
				-326750.45677363873,
				-20109.977261916385,
				3009.5762032631096,
				508817.24612901377,
				54050.235982136051,
				326750.45677363873,
				0.0,
				-5252.7116546701873,
				-22854.792419116908,
				54050.235982136051,
				74120.745540798016,
				20109.977261916385,
				5252.7116546701873,
				0.0,
				0.0,
				326750.45677363873,
				20109.977261916385,
				256848.0,
				0.0,
				0.0,
				-326750.45677363873,
				0.0,
				5252.7116546701873,
				0.0,
				256848.0,
				0.0,
				-20109.977261916385,
				-5252.7116546701873,
				0.0,
				0.0,
				0.0,
				256848.0
			],
			"source_node_id" : 25,
			"target_node_id" : 26,
			"transformation" : 
			[
				0.99995380519669363,
				0.0054158967767074925,
				-0.0079407515234925109,
				0.0,
				-0.005438022157781241,
				0.99998138461791808,
				-0.0027673692638023593,
				0.0,
				0.0079256159170930911,
				0.0028104234084577254,
				0.99996464244122141,
				0.0,
				-0.0080424719394219142,
				0.00083096548491499978,
				0.001262092101606321,
				1.0
			],
			"uncertain" : false,
			"version_major" : 1,
			"version_minor" : 0
		},
		{
			"class_name" : "PoseGraphEdge",
			"confidence" : 1.0,
			"information" : 
			[
				500051.99191919545,
				2921.2918438245688,
				-22513.408673306691,
				0.0,
				-327140.66585028172,
				-20154.741648326511,
				2921.2918438245688,
				510696.61965882272,
				54324.450305601757,
				327140.66585028172,
				0.0,
				-4994.2994533063611,
				-22513.408673306691,
				54324.450305601757,
				74785.034504876807,
				20154.741648326511,
				4994.2994533063611,
				0.0,
				0.0,
				327140.66585028172,
				20154.741648326511,
				256375.0,
				0.0,
				0.0,
				-327140.66585028172,
				0.0,
				4994.2994533063611,
				0.0,
				256375.0,
				0.0,
				-20154.741648326511,
				-4994.2994533063611,
				0.0,
				0.0,
				0.0,
				256375.0
			],
			"source_node_id" : 26,
			"target_node_id" : 27,
			"transformation" : 
			[
				0.99994326714876203,
				0.0046823554736661983,
				-0.009567550944657683,
				0.0,
				-0.0046955836308018783,
				0.99998805004432711,
				-0.0013606112268156275,
				0.0,
				0.0095610657474225792,
				0.0014054592710638996,
				0.99995330426275986,
				0.0,
				-0.0092791564688824608,
				0.0019305702682218952,
				0.0013466037166321794,
				1.0
			],
			"uncertain" : false,
			"version_major" : 1,
			"version_minor" : 0
		},
		{
			"class_name" : "PoseGraphEdge",
			"confidence" : 1.0,
			"information" : 
			[
				495230.92502070451,
				3026.5231581192438,
				-21311.421770816803,
				0.0,
				-323266.30136799812,
				-18568.350245163776,
				3026.5231581192438,
				506730.22140524234,
				51678.784589355229,
				323266.30136799812,
				0.0,
				-4004.4851286692428,
				-21311.421770816803,
				51678.784589355229,
				73489.389291152227,
				18568.350245163776,
				4004.4851286692428,
				0.0,
				0.0,
				323266.30136799812,
				18568.350245163776,
				251711.0,
				0.0,
				0.0,
				-323266.30136799812,
				0.0,
				4004.4851286692428,
				0.0,
				251711.0,
				0.0,
				-18568.350245163776,
				-4004.4851286692428,
				0.0,
				0.0,
				0.0,
				251711.0
			],
			"source_node_id" : 27,
			"target_node_id" : 28,
			"transformation" : 
			[
				0.99958285367840705,
				0.012488842179572721,
				-0.026041264430628989,
				0.0,
				-0.012608696428686018,
				0.9999106346812493,
				-0.0044433574816780024,
				0.0,
				0.025983444854396388,
				0.0047698503492739396,
				0.99965099365785848,
				0.0,
				-0.030588791319626274,
				0.0047416556113139439,
				0.0048136702818835512,
				1.0
			],
			"uncertain" : false,
			"version_major" : 1,
			"version_minor" : 0
		},
		{
			"class_name" : "PoseGraphEdge",
			"confidence" : 1.0,
			"information" : 
			[
				511034.99847818603,
				3405.901233160444,
				-22284.823497127607,
				0.0,
				-329626.50110369921,
				-20617.585232620302,
				3405.901233160444,
				521879.56829337159,
				56182.832987484013,
				329626.50110369921,
				0.0,
				-4456.7977117796545,
				-22284.823497127607,
				56182.832987484013,
				76779.329922244229,
				20617.585232620302,
				4456.7977117796545,
				0.0,
				0.0,
				329626.50110369921,
				20617.585232620302,
				254441.0,
				0.0,
				0.0,
				-329626.50110369921,
				0.0,
				4456.7977117796545,
				0.0,
				254441.0,
				0.0,
				-20617.585232620302,
				-4456.7977117796545,
				0.0,
				0.0,
				0.0,
				254441.0
			],
			"source_node_id" : 28,
			"target_node_id" : 29,
			"transformation" : 
			[
				0.99994937319064447,
				0.0046373100192662001,
				-0.0089300846256811922,
				0.0,
				-0.0046420602408847591,
				0.99998909487495313,
				-0.00051128063806238691,
				0.0,
				0.0089276162751661323,
				0.000552708744343607,
				0.99995999529015522,
				0.0,
				-0.011474098944691567,
				0.0021718619874614049,
				0.0017006936612284911,
				1.0
			],
			"uncertain" : false,
			"version_major" : 1,
			"version_minor" : 0
		},
		{
			"class_name" : "PoseGraphEdge",
			"confidence" : 1.0,
			"information" : 
			[
				513808.51968002343,
				3394.1819270970327,
				-21571.75710092497,
				0.0,
				-330499.49803459644,
				-20675.294952567143,
				3394.1819270970327,
				524864.06911158317,
				56517.105476838718,
				330499.49803459644,
				0.0,
				-3880.7104328598944,
				-21571.75710092497,
				56517.105476838718,
				77443.000965925778,
				20675.294952567143,
				3880.7104328598944,
				0.0,
				0.0,
				330499.49803459644,
				20675.294952567143,
				254363.0,
				0.0,
				0.0,
				-330499.49803459644,
				0.0,
				3880.7104328598944,
				0.0,
				254363.0,
				0.0,
				-20675.294952567143,
				-3880.7104328598944,
				0.0,
				0.0,
				0.0,
				254363.0
			],
			"source_node_id" : 29,
			"target_node_id" : 30,
			"transformation" : 
			[
				0.99997042502234612,
				0.0054183347643604095,
				-0.0054580884025439919,
				0.0,
				-0.0054209737930309247,
				0.99998519651136941,
				-0.00046882966344041072,
				0.0,
				0.0054554673277303978,
				0.00049840395200382735,
				0.99998499462228763,
				0.0,
				-0.0085696292777017284,
				0.0025759705627036431,
				0.001470681959555453,
				1.0
			],
			"uncertain" : false,
			"version_major" : 1,
			"version_minor" : 0
		},
		{
			"class_name" : "PoseGraphEdge",
			"confidence" : 1.0,
			"information" : 
			[
				514372.14617741865,
				3616.1676298673751,
				-21586.799767508281,
				0.0,
				-330069.37243998051,
				-20484.857406558411,
				3616.1676298673751,
				525333.42526312615,
				56453.985313274323,
				330069.37243998051,
				0.0,
				-3925.4378789832117,
				-21586.799767508281,
				56453.985313274323,
				77431.658107682306,
				20484.857406558411,
				3925.4378789832117,
				0.0,
				0.0,
				330069.37243998051,
				20484.857406558411,
				253391.0,
				0.0,
				0.0,
				-330069.37243998051,
				0.0,
				3925.4378789832117,
				0.0,
				253391.0,
				0.0,
				-20484.857406558411,
				-3925.4378789832117,
				0.0,
				0.0,
				0.0,
				253391.0
			],
			"source_node_id" : 30,
			"target_node_id" : 31,
			"transformation" : 
			[
				0.99996480008205868,
				0.0040827171046589278,
				-0.0073300762541654348,
				0.0,
				-0.0040878720111841311,
				0.99999140766050199,
				-0.00068840946292009805,
				0.0,
				0.0073272026905724331,
				0.00071834964452274351,
				0.99997289766999142,
				0.0,
				-0.0094403771171249484,
				0.0025434435249570343,
				0.001354162752780447,
				1.0
			],
			"uncertain" : false,
			"version_major" : 1,
			"version_minor" : 0
		},
		{
			"class_name" : "PoseGraphEdge",
			"confidence" : 1.0,
			"information" : 
			[
				518147.78308983683,
				3603.0080765606285,
				-21328.825343916553,
				0.0,
				-331306.19559150934,
				-20440.362953828182,
				3603.0080765606285,
				529379.65121542942,
				56626.132689999067,
				331306.19559150934,
				0.0,
				-3611.5816080869408,
				-21328.825343916553,
				56626.132689999067,
				77932.21743201575,
				20440.362953828182,
				3611.5816080869408,
				0.0,
				0.0,
				331306.19559150934,
				20440.362953828182,
				253220.0,
				0.0,
