{
	"class_name" : "PoseGraph",
	"edges" : 
	[
		{
			"class_name" : "PoseGraphEdge",
			"confidence" : 1.0,
			"information" : 
			[
				705547.24924213451,
				-12116.343260878271,
				-17349.751457125567,
				0.0,
				-395816.57109504938,
				-13982.59803982533,
				-12116.343260878271,
				731295.39740625431,
				44387.222253434375,
				395816.57109504938,
				0.0,
				-2544.1470569341909,
				-17349.751457125567,
				44387.222253434375,
				112628.444059307,
				13982.59803982533,
				2544.1470569341909,
				0.0,
				0.0,
				395816.57109504938,
				13982.59803982533,
				252309.0,
				0.0,
				0.0,
				-395816.57109504938,
				0.0,
				2544.1470569341909,
				0.0,
				252309.0,
				0.0,
				-13982.59803982533,
				-2544.1470569341909,
				0.0,
				0.0,
				0.0,
				252309.0
			],
			"source_node_id" : 0,
			"target_node_id" : 1,
			"transformation" : 
			[
				0.9999909752911208,
				-0.0036266897370014427,
				0.0022127941304798107,
				0.0,
				0.0036162600453543254,
				0.99998241949901079,
				0.0046992931585982172,
				0.0,
				-0.0022297981067198611,
				-0.0046912487098428731,
				0.99998651000198246,
				0.0,
				0.0027645810075267127,
				0.0029684718822583778,
				-0.0038239558358986996,
				1.0
			],
			"uncertain" : false,
			"version_major" : 1,
			"version_minor" : 0
		},
		{
			"class_name" : "PoseGraphEdge",
			"confidence" : 1.0,
			"information" : 
			[
				686490.10985957645,
				-11484.810709339819,
				-18392.890339486024,
				0.0,
				-387902.62811553478,
				-13648.129010002012,
				-11484.810709339819,
				710905.77887218061,
				42554.498077215569,
				387902.62811553478,
				0.0,
				-2815.4835717648966,
				-18392.890339486024,
				42554.498077215569,
				108734.88705014817,
				13648.129010002012,
				2815.4835717648966,
				0.0,
				0.0,
				387902.62811553478,
				13648.129010002012,
				249061.0,
				0.0,
				0.0,
				-387902.62811553478,
				0.0,
				2815.4835717648966,
				0.0,
				249061.0,
				0.0,
				-13648.129010002012,
				-2815.4835717648966,
				0.0,
				0.0,
				0.0,
				249061.0
			],
			"source_node_id" : 1,
			"target_node_id" : 2,
			"transformation" : 
			[
				0.99996365052890135,
				0.0012944409184181872,
				0.0084274577199860319,
				0.0,
				-0.0013661845387525941,
				0.99996283137825936,
				0.0085128962040027442,
				0.0,
				-0.0084161250418170984,
				-0.0085241002271662474,
				0.99992825170339017,
				0.0,
				0.0076870631661751952,
				0.0046049664044267085,
				-0.0080033891645231118,
				1.0
			],
			"uncertain" : false,
			"version_major" : 1,
			"version_minor" : 0
		},
		{
			"class_name" : "PoseGraphEdge",
			"confidence" : 1.0,
			"information" : 
			[
				681090.90462792711,
				-11350.072443484507,
				-19688.315466200169,
				0.0,
				-386932.7285951376,
				-13211.959971738979,
				-11350.072443484507,
				705630.40040635318,
				41282.397775622951,
				386932.7285951376,
				0.0,
				-3309.826224047807,
				-19688.315466200169,
				41282.397775622951,
				107927.11189768529,
				13211.959971738979,
				3309.826224047807,
				0.0,
				0.0,
				386932.7285951376,
				13211.959971738979,
				249707.0,
				0.0,
				0.0,
				-386932.7285951376,
				0.0,
				3309.826224047807,
				0.0,
				249707.0,
				0.0,
				-13211.959971738979,
				-3309.826224047807,
				0.0,
				0.0,
				0.0,
				249707.0
			],
			"source_node_id" : 2,
			"target_node_id" : 3,
			"transformation" : 
			[
				0.99994925780128929,
				-0.0041887694620717794,
				0.0091616610417837394,
				0.0,
				0.004098113651703799,
				0.99994267903382572,
				0.0098916182272273719,
				0.0,
				-0.0092025695948817418,
				-0.0098535707765820893,
				0.99990910579702286,
				0.0,
				0.0095300481652994852,
				0.0085830850232542794,
				-0.0045388109130112108,
				1.0
			],
			"uncertain" : false,
			"version_major" : 1,
			"version_minor" : 0
		},
		{
			"class_name" : "PoseGraphEdge",
			"confidence" : 1.0,
			"information" : 
			[
				682899.17243533325,
				-11478.204546773948,
				-20664.85845371948,
				0.0,
				-389950.41170746088,
				-13242.878470209078,
				-11478.204546773948,
				708879.59148288425,
				41119.007167751843,
				389950.41170746088,
				0.0,
				-3797.9142130275723,
				-20664.85845371948,
				41119.007167751843,
				109199.39751925459,
				13242.878470209078,
				3797.9142130275723,
				0.0,
				0.0,
				389950.41170746088,
				13242.878470209078,
				252882.0,
				0.0,
				0.0,
				-389950.41170746088,
				0.0,
				3797.9142130275723,
				0.0,
				252882.0,
				0.0,
				-13242.878470209078,
				-3797.9142130275723,
				0.0,
				0.0,
				0.0,
				252882.0
			],
			"source_node_id" : 3,
			"target_node_id" : 4,
			"transformation" : 
			[
				0.99996403155663416,
				-0.0083681187571642973,
				0.0013820931475531815,
				0.0,
				0.0083622408733919282,
				0.99995619333706443,
				0.004205274595363892,
				0.0,
				-0.0014172228398850132,
				-0.0041935659423734699,
				0.99999020269406091,
				0.0,
				-9.1843677746819531e-05,
				0.00093541531661142858,
				-0.0043978661438815493,
				1.0
			],
			"uncertain" : false,
			"version_major" : 1,
			"version_minor" : 0
		},
		{
			"class_name" : "PoseGraphEdge",
			"confidence" : 1.0,
			"information" : 
			[
				667898.01052459073,
				-11325.497712947074,
				-20753.278548110327,
				0.0,
				-383475.15225321054,
				-12460.839297840837,
				-11325.497712947074,
				692753.85161964514,
				38797.189548774448,
				383475.15225321054,
				0.0,
				-3646.1113089581486,
				-20753.278548110327,
				38797.189548774448,
				105705.03468018776,
				12460.839297840837,
				3646.1113089581486,
				0.0,
				0.0,
				383475.15225321054,
				12460.839297840837,
				250017.0,
				0.0,
				0.0,
				-383475.15225321054,
				0.0,
				3646.1113089581486,
				0.0,
				250017.0,
				0.0,
				-12460.839297840837,
				-3646.1113089581486,
				0.0,
				0.0,
				0.0,
				250017.0
			],
			"source_node_id" : 4,
			"target_node_id" : 5,
			"transformation" : 
			[
				0.99996788981805462,
				-0.0019609290878258895,
				0.0077700765723313194,
				0.0,
				0.0018969070037651026,
				0.99996426470002608,
				0.0082383898156907862,
				0.0,
				-0.0077859538045406077,
				-0.0082233861668250148,
				0.99993587536566875,
				0.0,
				0.0049907122699697545,
				0.0038040911777412257,
				-0.0054839981601532504,
				1.0
			],
			"uncertain" : false,
			"version_major" : 1,
			"version_minor" : 0
		},
		{
			"class_name" : "PoseGraphEdge",
			"confidence" : 1.0,
			"information" : 
			[
				661569.12715314084,
				-11420.530659567645,
				-21397.013820386212,
				0.0,
				-381912.4728320837,
				-12178.264572177199,
				-11420.530659567645,
				686699.21664232458,
				38023.205955335725,
				381912.4728320837,
				0.0,
				-4063.6221254861448,
				-21397.013820386212,
				38023.205955335725,
				105202.93493516657,
				12178.264572177199,
				4063.6221254861448,
				0.0,
				0.0,
				381912.4728320837,
				12178.264572177199,
				250291.0,
				0.0,
				0.0,
				-381912.4728320837,
				0.0,
				4063.6221254861448,
				0.0,
				250291.0,
				0.0,
				-12178.264572177199,
				-4063.6221254861448,
				0.0,
				0.0,
				0.0,
				250291.0
			],
			"source_node_id" : 5,
			"target_node_id" : 6,
			"transformation" : 
			[
				0.9999679149223677,
				-0.0067147524629707859,
				0.004368206173198959,
				0.0,
				0.0066807965198023645,
				0.9999477118675395,
				0.0077421243037169947,
				0.0,
				-0.0044199642160929614,
				-0.00771269280045799,
				0.99996048836246276,
				0.0,
				0.0074497695602194613,
				0.0064122522919987232,
				-0.0042725395950595699,
				1.0
			],
			"uncertain" : false,
			"version_major" : 1,
			"version_minor" : 0
		},
		{
			"class_name" : "PoseGraphEdge",
			"confidence" : 1.0,
			"information" : 
			[
				650286.87640712853,
				-11356.988065905514,
				-20397.524316502917,
				0.0,
				-377804.64138782024,
				-12189.550241330173,
				-11356.988065905514,
				675613.36270951724,
				37461.371454278509,
				377804.64138782024,
				0.0,
				-3360.5732869658386,
				-20397.524316502917,
				37461.371454278509,
				103619.12285454068,
				12189.550241330173,
				3360.5732869658386,
				0.0,
				0.0,
				377804.64138782024,
				12189.550241330173,
				249247.0,
				0.0,
				0.0,
				-377804.64138782024,
				0.0,
				3360.5732869658386,
				0.0,
				249247.0,
				0.0,
				-12189.550241330173,
				-3360.5732869658386,
				0.0,
				0.0,
				0.0,
				249247.0
			],
			"source_node_id" : 6,
			"target_node_id" : 7,
			"transformation" : 
			[
				0.99994030542585577,
				-0.010794284651320606,
				0.0016938133637572498,
				0.0,
				0.01077986566408726,
				0.9999074256074949,
				0.0083026930122774029,
				0.0,
				-0.0017832781917611301,
				-0.0082839383060324435,
				0.99996409749802195,
				0.0,
				0.00091410133157949418,
				0.0037720988631525696,
				-0.0054383902751422705,
				1.0
			],
			"uncertain" : false,
			"version_major" : 1,
			"version_minor" : 0
		},
		{
			"class_name" : "PoseGraphEdge",
			"confidence" : 1.0,
			"information" : 
			[
				648403.70029811445,
				-11800.576655595789,
				-22171.900289188237,
				0.0,
				-377973.46771657467,
				-10908.659984743805,
				-11800.576655595789,
				673880.77840726788,
				34786.882534131291,
				377973.46771657467,
				0.0,
				-4608.3356516669737,
				-22171.900289188237,
				34786.882534131291,
				103345.17462488094,
				10908.659984743805,
				4608.3356516669737,
				0.0,
				0.0,
				377973.46771657467,
				10908.659984743805,
				249761.0,
				0.0,
				0.0,
				-377973.46771657467,
				0.0,
				4608.3356516669737,
				0.0,
				249761.0,
				0.0,
				-10908.659984743805,
				-4608.3356516669737,
				0.0,
				0.0,
				0.0,
				249761.0
			],
			"source_node_id" : 7,
			"target_node_id" : 8,
			"transformation" : 
			[
				0.99998550108269812,
				-0.0017054240047595728,
				0.0051077542373905221,
				0.0,
				0.0016819113778073927,
				0.99998798672416445,
				0.0046040831301203088,
				0.0,
				-0.0051155447904199887,
				-0.0045954255859328354,
				0.9999763563530798,
				0.0,
				0.0072978623020299284,
				0.0074065592562802584,
				-0.0062372519367296254,
				1.0
			],
			"uncertain" : false,
			"version_major" : 1,
			"version_minor" : 0
		},
		{
			"class_name" : "PoseGraphEdge",
			"confidence" : 1.0,
			"information" : 
			[
				628356.15563781373,
				-11528.849555570796,
				-20760.829474342736,
				0.0,
				-369953.87946385145,
				-11522.732738060411,
				-11528.849555570796,
				653318.49208645441,
				35028.051677623902,
				369953.87946385145,
				0.0,
				-4017.1858358798199,
				-20760.829474342736,
				35028.051677623902,
				99981.61358847373,
				11522.732738060411,
				4017.1858358798199,
				0.0,
				0.0,
				369953.87946385145,
				11522.732738060411,
				246886.0,
				0.0,
				0.0,
				-369953.87946385145,
				0.0,
				4017.1858358798199,
				0.0,
				246886.0,
				0.0,
				-11522.732738060411,
				-4017.1858358798199,
				0.0,
				0.0,
				0.0,
				246886.0
			],
			"source_node_id" : 8,
			"target_node_id" : 9,
			"transformation" : 
			[
				0.99995424036432212,
				-0.009143152698925296,
				0.0028142381094387477,
				0.0,
				0.0091157841520605881,
				0.99991247400812289,
				0.0095888895211357471,
				0.0,
				-0.0029016644715617098,
				-0.0095627967498865523,
				0.99995006538407416,
				0.0,
				0.01300979632939946,
				0.0066607846709743779,
				-0.0091834155531782518,
				1.0
			],
			"uncertain" : false,
			"version_major" : 1,
			"version_minor" : 0
		},
		{
			"class_name" : "PoseGraphEdge",
			"confidence" : 1.0,
			"information" : 
			[
				628028.3552517842,
				-11351.555721448207,
				-22516.915081447089,
				0.0,
				-370766.34317445755,
				-11271.220438073622,
				-11351.555721448207,
				651927.81308167323,
				34841.975985441051,
				370766.34317445755,
				0.0,
				-5334.2392054171069,
				-22516.915081447089,
				34841.975985441051,
				99593.993860443996,
				11271.220438073622,
				5334.2392054171069,
				0.0,
				0.0,
				370766.34317445755,
				11271.220438073622,
				248125.0,
				0.0,
				0.0,
				-370766.34317445755,
				0.0,
				5334.2392054171069,
				0.0,
				248125.0,
				0.0,
				-11271.220438073622,
				-5334.2392054171069,
				0.0,
				0.0,
				0.0,
				248125.0
			],
			"source_node_id" : 9,
			"target_node_id" : 10,
			"transformation" : 
			[
				0.99999733643869537,
				0.0021950048032482175,
				-0.00071349101532638384,
				0.0,
				-0.0021919168456363807,
				0.99998835138194775,
				0.0043003024260271387,
				0.0,
				0.00072292188862260959,
				-0.0042987270589322944,
				0.99999049911967486,
				0.0,
				0.014168840490184242,
				0.011895375233674003,
				-0.0056091758501902837,
				1.0
			],
			"uncertain" : false,
			"version_major" : 1,
			"version_minor" : 0
		},
		{
			"class_name" : "PoseGraphEdge",
			"confidence" : 1.0,
			"information" : 
			[
				606962.9651143006,
				-10334.99704760623,
				-22957.065609460285,
				0.0,
				-361016.01215064526,
				-10828.446643042611,
				-10334.99704760623,
				628536.83229906927,
				33915.756375198442,
				361016.01215064526,
				0.0,
				-6159.7037698443164,
				-22957.065609460285,
				33915.756375198442,
				93962.988751713841,
				10828.446643042611,
				6159.7037698443164,
				0.0,
				0.0,
				361016.01215064526,
				10828.446643042611,
				243398.0,
				0.0,
				0.0,
				-361016.01215064526,
				0.0,
				6159.7037698443164,
				0.0,
				243398.0,
				0.0,
				-10828.446643042611,
				-6159.7037698443164,
				0.0,
				0.0,
				0.0,
				243398.0
			],
			"source_node_id" : 10,
			"target_node_id" : 11,
			"transformation" : 
			[
				0.99949254471642035,
				0.023692831964668967,
				-0.021290908148519874,
				0.0,
				-0.023740649008469668,
				0.99971615868156116,
				-0.0019959097278406716,
				0.0,
				0.021237576155281844,
				0.002500356870329306,
				0.99977133064244739,
				0.0,
				0.0048087536549216254,
				0.010029874690303529,
				-0.0073247601310959714,
				1.0
			],
			"uncertain" : false,
			"version_major" : 1,
			"version_minor" : 0
		},
		{
			"class_name" : "PoseGraphEdge",
			"confidence" : 1.0,
			"information" : 
			[
				624839.20102587878,
				-10497.832314178217,
				-21426.952089437789,
				0.0,
				-371969.98714715242,
				-12053.668131738203,
				-10497.832314178217,
				649189.99081246485,
				36403.700696735883,
				371969.98714715242,
				0.0,
				-4968.1192969664116,
				-21426.952089437789,
				36403.700696735883,
				99619.745476668992,
				12053.668131738203,
				4968.1192969664116,
				0.0,
				0.0,
				371969.98714715242,
				12053.668131738203,
				250825.0,
				0.0,
				0.0,
				-371969.98714715242,
				0.0,
				4968.1192969664116,
				0.0,
				250825.0,
				0.0,
				-12053.668131738203,
				-4968.1192969664116,
				0.0,
				0.0,
				0.0,
				250825.0
			],
			"source_node_id" : 11,
			"target_node_id" : 12,
			"transformation" : 
			[
				0.99998588315753401,
				0.0034895546516266109,
				-0.0040070555249495767,
				0.0,
				-0.0034882344783256141,
				0.99999385950751207,
				0.00033640376707876909,
				0.0,
				0.0040082048189854563,
				-0.00032242146888108607,
				0.99999191513658037,
				0.0,
				0.0053424768577282769,
				0.0095707721183424278,
				-0.0039246637483333216,
				1.0
			],
			"uncertain" : false,
			"version_major" : 1,
			"version_minor" : 0
		},
		{
			"class_name" : "PoseGraphEdge",
			"confidence" : 1.0,
			"information" : 
			[
				614744.7606467827,
				-10191.151374412117,
				-20520.436412251354,
				0.0,
				-366769.62119907141,
				-11943.978948130622,
				-10191.151374412117,
				639194.84750199539,
				35916.787965953044,
				366769.62119907141,
				0.0,
				-4661.6816226373194,
				-20520.436412251354,
				35916.787965953044,
				98451.887456612938,
				11943.978948130622,
				4661.6816226373194,
				0.0,
				0.0,
				366769.62119907141,
				11943.978948130622,
				247551.0,
				0.0,
				0.0,
				-366769.62119907141,
				0.0,
				4661.6816226373194,
				0.0,
				247551.0,
				0.0,
				-11943.978948130622,
				-4661.6816226373194,
				0.0,
				0.0,
				0.0,
				247551.0
			],
			"source_node_id" : 12,
			"target_node_id" : 13,
			"transformation" : 
			[
				0.9999672099643685,
				0.0056416556876957465,
				-0.0058095367437965128,
				0.0,
				-0.0056467888819765688,
				0.99998368042677133,
				-0.00086755717496444877,
				0.0,
				0.0058045474757656623,
				0.00090033395522807168,
				0.99998274816487176,
				0.0,
				0.0046729817133238701,
				0.010613829548825249,
				-0.0070933405601301212,
				1.0
			],
			"uncertain" : false,
			"version_major" : 1,
			"version_minor" : 0
		},
		{
			"class_name" : "PoseGraphEdge",
			"confidence" : 1.0,
			"information" : 
			[
				626449.23842136189,
				-10453.866564725944,
				-20239.672007994122,
				0.0,
				-373958.70480334759,
				-12526.560515245423,
				-10453.866564725944,
				651361.37503859506,
				37085.975287250498,
				373958.70480334759,
				0.0,
				-4101.9123140870943,
				-20239.672007994122,
				37085.975287250498,
				101279.78164422966,
				12526.560515245423,
				4101.9123140870943,
				0.0,
				0.0,
				373958.70480334759,
				12526.560515245423,
				252657.0,
				0.0,
				0.0,
				-373958.70480334759,
				0.0,
				4101.9123140870943,
				0.0,
				252657.0,
				0.0,
				-12526.560515245423,
				-4101.9123140870943,
				0.0,
				0.0,
				0.0,
				252657.0
			],
			"source_node_id" : 13,
			"target_node_id" : 14,
			"transformation" : 
			[
				0.99996565015671712,
				0.0072003127199232308,
				0.0041053627597006743,
				0.0,
				-0.0072104395532979837,
				0.99997098522000594,
				0.0024572911058154479,
				0.0,
				-0.0040875503790976471,
				-0.0024868081682742453,
				0.99998855379300844,
				0.0,
				0.0091069158049967552,
				0.0083958186009137053,
				-0.0040730259305390678,
				1.0
			],
			"uncertain" : false,
			"version_major" : 1,
			"version_minor" : 0
		},
		{
			"class_name" : "PoseGraphEdge",
			"confidence" : 1.0,
			"information" : 
			[
				619022.79739000415,
				-10044.524193843827,
				-20516.947400126304,
				0.0,
				-370222.30701118708,
				-12234.81838665856,
				-10044.524193843827,
				643291.66000946821,
				36449.797688823717,
				370222.30701118708,
				0.0,
				-4455.2861905108439,
				-20516.947400126304,
				36449.797688823717,
				99376.263310775394,
				12234.81838665856,
				4455.2861905108439,
				0.0,
				0.0,
				370222.30701118708,
				12234.81838665856,
				250385.0,
				0.0,
				0.0,
				-370222.30701118708,
				0.0,
				4455.2861905108439,
				0.0,
				250385.0,
				0.0,
				-12234.81838665856,
				-4455.2861905108439,
				0.0,
				0.0,
				0.0,
				250385.0
			],
			"source_node_id" : 14,
			"target_node_id" : 15,
			"transformation" : 
			[
				0.99996700393440985,
				0.008080543732507087,
				-0.00083417949316927202,
				0.0,
				-0.0080815332080970883,
				0.99996663617328208,
				-0.0011896895802477822,
				0.0,
				0.00082453832306791453,
				0.0011963917744479192,
				0.9999989443910805,
				0.0,
				0.0099813558809914334,
				0.0070511741075267812,
				-0.004250204096419726,
				1.0
			],
			"uncertain" : false,
			"version_major" : 1,
			"version_minor" : 0
		},
		{
			"class_name" : "PoseGraphEdge",
			"confidence" : 1.0,
			"information" : 
			[
				611184.08814744698,
				-9964.5985126122978,
				-19523.643986469189,
				0.0,
				-366287.26812005043,
				-11916.809234485729,
				-9964.5985126122978,
				635447.46604326041,
				35563.900859574147,
				366287.26812005043,
				0.0,
				-3988.3482846681727,
				-19523.643986469189,
				35563.900859574147,
				98411.272929007595,
				11916.809234485729,
				3988.3482846681727,
				0.0,
				0.0,
				366287.26812005043,
				11916.809234485729,
				247796.0,
				0.0,
				0.0,
				-366287.26812005043,
				0.0,
				3988.3482846681727,
				0.0,
				247796.0,
				0.0,
				-11916.809234485729,
				-3988.3482846681727,
				0.0,
				0.0,
				0.0,
				247796.0
			],
			"source_node_id" : 15,
			"target_node_id" : 16,
			"transformation" : 
			[
				0.99996914166207662,
				0.0078519213062007796,
				0.00025110836278130087,
				0.0,
				-0.0078522308103189543,
				0.99996838161620183,
				0.0012562798956369341,
				0.0,
				-0.0002412362122616073,
				-0.0012582128897503492,
				0.99999917935237015,
				0.0,
				0.010519978289315855,
				0.014708065831886937,
				-0.0063528601126099154,
				1.0
			],
			"uncertain" : false,
			"version_major" : 1,
			"version_minor" : 0
		},
		{
			"class_name" : "PoseGraphEdge",
			"confidence" : 1.0,
			"information" : 
			[
				620138.11243867513,
				-9495.4744062777663,
				-19316.366932939938,
				0.0,
				-371810.83881479502,
				-12675.39533923869,
				-9495.4744062777663,
				644788.95424629154,
				37070.613632132423,
				371810.83881479502,
				0.0,
				-3858.7844710928039,
				-19316.366932939938,
				37070.613632132423,
				100213.02363974693,
				12675.39533923869,
				3858.7844710928039,
				0.0,
				0.0,
				371810.83881479502,
				12675.39533923869,
				251453.0,
				0.0,
				0.0,
				-371810.83881479502,
				0.0,
				3858.7844710928039,
				0.0,
				251453.0,
				0.0,
				-12675.39533923869,
				-3858.7844710928039,
				0.0,
				0.0,
				0.0,
				251453.0
			],
			"source_node_id" : 16,
			"target_node_id" : 17,
			"transformation" : 
			[
				0.99999723503709126,
				-0.0023128535303424459,
				0.00042500202259698435,
				0.0,
				0.0023122446793749575,
				0.99999630782896176,
				0.0014275338826263773,
				0.0,
				-0.0004283021301969418,
				-0.001426547226882667,
				0.99999889075953285,
				0.0,
				0.0070132613858667871,
				0.0096796809406347276,
				-0.002994086866625968,
				1.0
			],
			"uncertain" : false,
			"version_major" : 1,
			"version_minor" : 0
		},
		{
			"class_name" : "PoseGraphEdge",
			"confidence" : 1.0,
			"information" : 
			[
				625937.5467842737,
				-9520.8406927794076,
				-18887.187088206039,
				0.0,
				-375326.41024577618,
				-12607.115239493316,
				-9520.8406927794076,
				651423.07373342104,
				36953.930873860467,
				375326.41024577618,
				0.0,
				-3553.4077575248084,
				-18887.187088206039,
				36953.930873860467,
				101423.7714652884,
				12607.115239493316,
				3553.4077575248084,
				0.0,
				0.0,
				375326.41024577618,
				12607.115239493316,
				253465.0,
				0.0,
				0.0,
				-375326.41024577618,
				0.0,
				3553.4077575248084,
				0.0,
				253465.0,
				0.0,
				-12607.115239493316,
				-3553.4077575248084,
				0.0,
				0.0,
				0.0,
				253465.0
			],
			"source_node_id" : 17,
			"target_node_id" : 18,
			"transformation" : 
			[
				0.99999484158237495,
				0.0019577106924095694,
				0.0025464048156571568,
				0.0,
				-0.0019564426881002366,
				0.99999796098670102,
				-0.00050035432379179421,
				0.0,
				-0.0025473791725135544,
				0.00049536984767269609,
				0.99999663272836292,
				0.0,
				0.0055507089826805989,
				0.007662402423613374,
				-0.0025744311121564259,
				1.0
			],
			"uncertain" : false,
			"version_major" : 1,
			"version_minor" : 0
		},
		{
			"class_name" : "PoseGraphEdge",
			"confidence" : 1.0,
			"information" : 
			[
				605243.68477064953,
				-8696.0502934256347,
				-20332.774092433414,
				0.0,
				-363421.8855150938,
				-9852.3278595621232,
				-8696.0502934256347,
				630903.08016068034,
				31825.286051697967,
				363421.8855150938,
				0.0,
				-4465.5844052293687,
				-20332.774092433414,
				31825.286051697967,
				97163.07316429526,
				9852.3278595621232,
				4465.5844052293687,
				0.0,
				0.0,
				363421.8855150938,
				9852.3278595621232,
				245073.0,
				0.0,
				0.0,
				-363421.8855150938,
				0.0,
				4465.5844052293687,
				0.0,
				245073.0,
				0.0,
				-9852.3278595621232,
				-4465.5844052293687,
				0.0,
				0.0,
				0.0,
				245073.0
			],
			"source_node_id" : 18,
			"target_node_id" : 19,
			"transformation" : 
			[
				0.99995709275296152,
				-0.0054771123949694644,
				0.0074708696186063725,
				0.0,
				0.005520626185087577,
				0.99996784599200939,
				-0.0058163277611044647,
				0.0,
				-0.0074387727193314145,
				0.0058573220769342141,
				0.99995517721471727,
				0.0,
				0.0099581076394684373,
				0.010512003873236812,
				-0.0069219758468352906,
				1.0
			],
			"uncertain" : false,
			"version_major" : 1,
			"version_minor" : 0
		},
		{
			"class_name" : "PoseGraphEdge",
			"confidence" : 1.0,
			"information" : 
			[
				627577.03667360696,
				-9202.283546569699,
				-17276.595961108222,
				0.0,
				-374709.27146178484,
				-11301.4913076784,
				-9202.283546569699,
				653099.95280085946,
				34641.501268659282,
				374709.27146178484,
				0.0,
				-2581.4676052064169,
				-17276.595961108222,
				34641.501268659282,
				100697.88754488966,
				11301.4913076784,
				2581.4676052064169,
				0.0,
				0.0,
				374709.27146178484,
				11301.4913076784,
				251007.0,
				0.0,
				0.0,
				-374709.27146178484,
				0.0,
				2581.4676052064169,
				0.0,
				251007.0,
				0.0,
				-11301.4913076784,
				-2581.4676052064169,
				0.0,
				0.0,
				0.0,
				251007.0
			],
			"source_node_id" : 19,
			"target_node_id" : 20,
			"transformation" : 
			[
				0.99997069141250128,
				-0.00043553586827912587,
				0.007643731059666775,
				0.0,
				0.00047514549371817523,
				0.99998646603704944,
				-0.005180924578971736,
				0.0,
				-0.0076413711312088147,
				0.0051844046177585779,
				0.99995736478911657,
				0.0,
				0.0049117344962720444,
				0.0050023208501368197,
				-0.0017390157673346431,
				1.0
			],
			"uncertain" : false,
			"version_major" : 1,
			"version_minor" : 0
		},
		{
			"class_name" : "PoseGraphEdge",
			"confidence" : 1.0,
			"information" : 
			[
				635204.75229543308,
				-9094.7598423632498,
				-16768.791345955731,
				0.0,
				-377409.88380038738,
				-11406.970926918788,
				-9094.7598423632498,
				659965.86594055255,
				35035.884574187185,
				377409.88380038738,
				0.0,
				-2199.5367807706934,
				-16768.791345955731,
				35035.884574187185,
				101652.11986841442,
				11406.970926918788,
				2199.5367807706934,
				0.0,
				0.0,
				377409.88380038738,
				11406.970926918788,
				251398.0,
				0.0,
				0.0,
				-377409.88380038738,
				0.0,
				2199.5367807706934,
				0.0,
				251398.0,
				0.0,
				-11406.970926918788,
				-2199.5367807706934,
				0.0,
				0.0,
				0.0,
				251398.0
			],
			"source_node_id" : 20,
			"target_node_id" : 21,
			"transformation" : 
			[
				0.99989867231762364,
				-0.0028071632974082292,
				0.013955820709448516,
				0.0,
				0.0028147509952834346,
				0.99999590124915461,
				-0.0005240817932244447,
				0.0,
				-0.013954292324841792,
				0.00056331084946287897,
				0.99990247544778044,
				0.0,
				0.011777890703445419,
				0.0067925774382715867,
				-0.0002049344477161323,
				1.0
			],
			"uncertain" : false,
			"version_major" : 1,
			"version_minor" : 0
		},
		{
			"class_name" : "PoseGraphEdge",
			"confidence" : 1.0,
			"information" : 
			[
				646321.19925348775,
				-8979.4245460138045,
				-18531.014430171992,
				0.0,
				-382479.24718630314,
				-11683.127340676147,
				-8979.4245460138045,
				672061.43391262868,
				35515.682353212884,
				382479.24718630314,
				0.0,
				-3041.3758218969451,
				-18531.014430171992,
				35515.682353212884,
				103962.38701509377,
				11683.127340676147,
				3041.3758218969451,
				0.0,
				0.0,
				382479.24718630314,
				11683.127340676147,
				253447.0,
				0.0,
				0.0,
				-382479.24718630314,
				0.0,
				3041.3758218969451,
				0.0,
				253447.0,
				0.0,
				-11683.127340676147,
				-3041.3758218969451,
				0.0,
				0.0,
				0.0,
				253447.0
			],
			"source_node_id" : 21,
			"target_node_id" : 22,
			"transformation" : 
			[
				0.9999459723851194,
				-0.0043968913874082123,
				0.0094191112587844756,
				0.0,
				0.0043983689247460399,
				0.99999031785920256,
				-0.00013615671815585037,
				0.0,
				-0.0094184213953216935,
				0.0001775780881924813,
				0.99995562991786957,
				0.0,
				0.0089001273050150782,
				0.0072599040550227426,
				-0.0011024180317797728,
				1.0
			],
			"uncertain" : false,
			"version_major" : 1,
			"version_minor" : 0
		},
		{
			"class_name" : "PoseGraphEdge",
			"confidence" : 1.0,
			"information" : 
			[
				647517.0531826556,
				-8831.6346165698924,
				-18213.563388739156,
				0.0,
				-382375.72447407246,
				-10920.798956224229,
				-8831.6346165698924,
				673534.05062173819,
				34193.823579542361,
				382375.72447407246,
				0.0,
				-2705.404329554236,
				-18213.563388739156,
				34193.823579542361,
				104279.59094687559,
				10920.798956224229,
				2705.404329554236,
				0.0,
				0.0,
				382375.72447407246,
				10920.798956224229,
				252532.0,
				0.0,
				0.0,
				-382375.72447407246,
				0.0,
				2705.404329554236,
				0.0,
				252532.0,
				0.0,
				-10920.798956224229,
				-2705.404329554236,
				0.0,
				0.0,
				0.0,
				252532.0
			],
			"source_node_id" : 22,
			"target_node_id" : 23,
			"transformation" : 
			[
				0.999954517887923,
				-0.006426236176939582,
				0.0070473856237388346,
				0.0,
				0.0064433252726173755,
				0.99997634980869388,
				-0.0024048664647317985,
				0.0,
				-0.0070317647118442565,
				0.0024501656842210351,
				0.99997227510224396,
				0.0,
				0.0081195724462555276,
				0.0049544329273367152,
				2.7889948033703695e-05,
				1.0
			],
			"uncertain" : false,
			"version_major" : 1,
			"version_minor" : 0
		},
		{
			"class_name" : "PoseGraphEdge",
			"confidence" : 1.0,
			"information" : 
			[
				647594.4947532732,
				-8764.0140568645202,
				-15996.567723997829,
				0.0,
				-381207.11395084858,
				-11311.018902025535,
				-8764.0140568645202,
				672792.05175839167,
				34979.490563992375,
				381207.11395084858,
				0.0,
				-1410.4496932975599,
				-15996.567723997829,
				34979.490563992375,
				104525.39522373196,
				11311.018902025535,
				1410.4496932975599,
				0.0,
				0.0,
				381207.11395084858,
				11311.018902025535,
				250944.0,
				0.0,
				0.0,
				-381207.11395084858,
				0.0,
				1410.4496932975599,
				0.0,
				250944.0,
				0.0,
				-11311.018902025535,
				-1410.4496932975599,
				0.0,
				0.0,
				0.0,
				250944.0
			],
			"source_node_id" : 23,
			"target_node_id" : 24,
			"transformation" : 
			[
				0.99995654013496937,
				-0.0052513378229348097,
				0.0077033299534035003,
				0.0,
				0.0052380847456914284,
				0.99998476800891167,
				0.001739602931405968,
				0.0,
				-0.0077123478590208853,
				-0.001699176633377414,
				0.99996881575840646,
				0.0,
				0.009233842709456222,
				0.0069792229768470965,
				-0.00023898026395074328,
				1.0
			],
			"uncertain" : false,
			"version_major" : 1,
			"version_minor" : 0
		},
		{
			"class_name" : "PoseGraphEdge",
			"confidence" : 1.0,
			"information" : 
			[
				647807.38015982078,
				-8679.5864970996154,
				-15576.118129138635,
				0.0,
				-380785.31640988588,
				-11463.369921929087,
				-8679.5864970996154,
				673184.7059667561,
				35119.523894703823,
				380785.31640988588,
				0.0,
				-1141.0543710303027,
				-15576.118129138635,
				35119.523894703823,
				104795.73426018395,
				11463.369921929087,
				1141.0543710303027,
				0.0,
				0.0,
				380785.31640988588,
				11463.369921929087,
				250125.0,
				0.0,
				0.0,
				-380785.31640988588,
				0.0,
				1141.0543710303027,
				0.0,
				250125.0,
				0.0,
				-11463.369921929087,
				-1141.0543710303027,
				0.0,
				0.0,
				0.0,
				250125.0
			],
			"source_node_id" : 24,
			"target_node_id" : 25,
			"transformation" : 
			[
				0.9999606231748619,
				-0.0080057254987775592,
				0.0038288978806486195,
				0.0,
				0.0079987547416127559,
				0.99996633050102457,
				0.0018324265059577688,
				0.0,
				-0.0038434388671787331,
				-0.0018017279357416696,
				0.99999099083647736,
				0.0,
				0.0033035008541757371,
				0.008247170090581929,
				-0.0028886187096812269,
				1.0
			],
			"uncertain" : false,
			"version_major" : 1,
			"version_minor" : 0
		},
		{
			"class_name" : "PoseGraphEdge",
			"confidence" : 1.0,
			"information" : 
			[
				646518.4341452152,
				-8839.600153340376,
				-15155.00455704828,
				0.0,
				-380106.10334694386,
				-10061.832114968682,
				-8839.600153340376,
				672104.13093589759,
				32473.400914232279,
				380106.10334694386,
				0.0,
				-999.85227672045585,
				-15155.00455704828,
				32473.400914232279,
				103938.21782656817,
				10061.832114968682,
				999.85227672045585,
				0.0,
				0.0,
				380106.10334694386,
				10061.832114968682,
				249185.0,
				0.0,
				0.0,
				-380106.10334694386,
				0.0,
				999.85227672045585,
				0.0,
				249185.0,
				0.0,
				-10061.832114968682,
				-999.85227672045585,
				0.0,
				0.0,
				0.0,
				249185.0
			],
			"source_node_id" : 25,
			"target_node_id" : 26,
			"transformation" : 
			[
				0.9999158709265501,
				-0.010020090373635668,
				0.0082370418296057561,
				0.0,
				0.010029246403205528,
				0.99994913228028448,
				-0.0010710128336977043,
				0.0,
				-0.0082258911846857016,
				0.0011535340525229798,
				0.99996550144162843,
				0.0,
				0.0056165800954589701,
				0.0064272639376344856,
				-0.0026869121477166172,
				1.0
			],
			"uncertain" : false,
			"version_major" : 1,
			"version_minor" : 0
		},
		{
			"class_name" : "PoseGraphEdge",
			"confidence" : 1.0,
			"information" : 
			[
				644487.47859584948,
				-8868.8096564568732,
				-14384.403602882772,
				0.0,
				-377769.37411093712,
				-8567.7801011353731,
				-8868.8096564568732,
				669868.52592587157,
				29590.353518227224,
				377769.37411093712,
				0.0,
				-717.82434372446733,
				-14384.403602882772,
				29590.353518227224,
				102880.42642108425,
				8567.7801011353731,
				717.82434372446733,
				0.0,
				0.0,
				377769.37411093712,
				8567.7801011353731,
				246171.0,
				0.0,
				0.0,
				-377769.37411093712,
				0.0,
				717.82434372446733,
				0.0,
				246171.0,
				0.0,
				-8567.7801011353731,
				-717.82434372446733,
				0.0,
				0.0,
				0.0,
				246171.0
			],
			"source_node_id" : 26,
			"target_node_id" : 27,
			"transformation" : 
			[
				0.99982508234952472,
				-0.012096978804882537,
				0.014264214263678309,
				0.0,
				0.012062465438313633,
				0.99992411273418924,
				0.0025031380892222865,
				0.0,
				-0.014293412199869912,
				-0.0023306386546285834,
				0.9998951277464786,
				0.0,
				0.016090542464297017,
				0.015629649260773721,
				-5.4433497942746666e-05,
				1.0
			],
			"uncertain" : false,
			"version_major" : 1,
			"version_minor" : 0
		},
		{
			"class_name" : "PoseGraphEdge",
			"confidence" : 1.0,
			"information" : 
			[
				659641.88693148782,
				-8975.1631989087746,
				-14148.5161040076,
				0.0,
				-385773.63361591101,
				-9810.4269713177346,
				-8975.1631989087746,
				686025.50352101529,
				31774.261757184231,
				385773.63361591101,
				0.0,
				-551.52159625646891,
				-14148.5161040076,
				31774.261757184231,
				106318.46214107935,
				9810.4269713177346,
				551.52159625646891,
				0.0,
				0.0,
				385773.63361591101,
				9810.4269713177346,
				250641.0,
				0.0,
				0.0,
				-385773.63361591101,
				0.0,
				551.52159625646891,
				0.0,
				250641.0,
				0.0,
				-9810.4269713177346,
				-551.52159625646891,
				0.0,
				0.0,
				0.0,
				250641.0
			],
			"source_node_id" : 27,
			"target_node_id" : 28,
			"transformation" : 
			[
				0.99994671566984838,
				-0.0089339217288593367,
				0.0051721237056104093,
				0.0,
				0.0089224139118262626,
				0.99995767708438932,
				0.0022437847443030541,
				0.0,
				-0.0051919506035372981,
				-0.0021975173572313243,
				0.99998410715690633,
				0.0,
				0.0059742076228921342,
				0.0095219707170523197,
				-0.0021879022400134317,
				1.0
			],
			"uncertain" : false,
			"version_major" : 1,
			"version_minor" : 0
		},
		{
			"class_name" : "PoseGraphEdge",
			"confidence" : 1.0,
			"information" : 
			[
				658013.14935221639,
				-8353.16207589037,
				-13356.678740016059,
				0.0,
				-383575.77521312237,
				-8432.2082281439798,
				-8353.16207589037,
				685061.24081817467,
				29063.679001924382,
				383575.77521312237,
				0.0,
				11.390166235738434,
				-13356.678740016059,
				29063.679001924382,
				105792.94226880283,
				8432.2082281439798,
				-11.390166235738434,
				0.0,
				0.0,
				383575.77521312237,
				8432.2082281439798,
				247571.0,
				0.0,
				0.0,
				-383575.77521312237,
				0.0,
				-11.390166235738434,
				0.0,
				247571.0,
				0.0,
				-8432.2082281439798,
				11.390166235738434,
				0.0,
				0.0,
				0.0,
				247571.0
			],
			"source_node_id" : 28,
			"target_node_id" : 29,
			"transformation" : 
			[
				0.99998915787045584,
				-0.0030543205829362168,
				0.0035150060189706673,
				0.0,
				0.0030428704976615188,
				0.9999900623650122,
				0.0032582373076797382,
				0.0,
				-0.0035249227893968125,
				-0.0032475062733345319,
				0.99998851424520507,
				0.0,
				0.00016948770969303347,
				0.018024836474994962,
				0.0030854224781181041,
				1.0
			],
			"uncertain" : false,
			"version_major" : 1,
			"version_minor" : 0
		},
		{
			"class_name" : "PoseGraphEdge",
			"confidence" : 1.0,
			"information" : 
			[
				672446.45100922184,
				-8285.3331919854209,
				-12678.004396733964,
				0.0,
				-390587.91742563248,
				-8997.5436540743103,
				-8285.3331919854209,
				700392.49989370187,
				30053.777538024824,
				390587.91742563248,
				0.0,
				303.41325740708271,
				-12678.004396733964,
				30053.777538024824,
				107616.715987762,
				8997.5436540743103,
				-303.41325740708271,
				0.0,
				0.0,
				390587.91742563248,
				8997.5436540743103,
				250589.0,
				0.0,
				0.0,
				-390587.91742563248,
				0.0,
				-303.41325740708271,
				0.0,
				250589.0,
				0.0,
				-8997.5436540743103,
				303.41325740708271,
				0.0,
				0.0,
				0.0,
				250589.0
			],
			"source_node_id" : 29,
			"target_node_id" : 30,
			"transformation" : 
			[
				0.99997339670307672,
				-0.00030045925399305921,
				0.0072880457152374725,
				0.0,
				0.00032998924416041838,
				0.99999174031906068,
				-0.0040509752842741859,
				0.0,
				-0.0072867683652933406,
				0.0040532724916728467,
				0.99996523639019552,
				0.0,
				0.004845455814821732,
				0.0074850335910677237,
				-0.00090104068583850836,
				1.0
			],
			"uncertain" : false,
			"version_major" : 1,
			"version_minor" : 0
		},
		{
			"class_name" : "PoseGraphEdge",
			"confidence" : 1.0,
			"information" : 
			[
				678591.3100447763,
				-7985.365704904807,
				-12490.445453530883,
				0.0,
				-392368.62062573433,
				-9028.3826020674314,
				-7985.365704904807,
				706155.98910951416,
				30061.910020553081,
				392368.62062573433,
				0.0,
				529.99336065829266,
				-12490.445453530883,
				30061.910020553081,
				108932.10556066202,
				9028.3826020674314,
				-529.99336065829266,
				0.0,
				0.0,
				392368.62062573433,
				9028.3826020674314,
				250464.0,
				0.0,
				0.0,
				-392368.62062573433,
				0.0,
				-529.99336065829266,
				0.0,
				250464.0,
				0.0,
				-9028.3826020674314,
				529.99336065829266,
				0.0,
				0.0,
				0.0,
				250464.0
			],
			"source_node_id" : 30,
			"target_node_id" : 31,
			"transformation" : 
			[
				0.99996388758538879,
				-0.0057077530200493167,
				0.006296433957141888,
				0.0,
				0.0057154320962627906,
				0.99998294404295074,
				-0.0012022724929425688,
				0.0,
				-0.0062894642909822312,
				0.0012382159167104773,
				0.99997945451907999,
				0.0,
				0.0028183895599758024,
				0.0078319603609542533,
				-0.00044942699077995391,
				1.0
			],
			"uncertain" : false,
			"version_major" : 1,
			"version_minor" : 0
		},
		{
			"class_name" : "PoseGraphEdge",
			"confidence" : 1.0,
			"information" : 
			[
				684363.02436875901,
				-7857.4452931279793,
				-12465.486510186776,
				0.0,
				-394513.20143848658,
				-8991.7539367091376,
				-7857.4452931279793,
				712384.87618007953,
				29930.081916506861,
				394513.20143848658,
				0.0,
				590.64016918599373,
				-12465.486510186776,
				29930.081916506861,
				109981.47670320146,
				8991.7539367091376,
				-590.64016918599373,
				0.0,
				0.0,
				394513.20143848658,
				8991.7539367091376,
				250793.0,
				0.0,
