{
	"class_name" : "PoseGraph",
	"edges" : 
	[
		{
			"class_name" : "PoseGraphEdge",
			"confidence" : 1.0,
			"information" : 
			[
				680462.22600988881,
				-6038.8803164826086,
				14698.144082763467,
				0.0,
				-392027.83102607727,
				-2931.5340331273619,
				-6038.8803164826086,
				696787.23306493438,
				20136.470441845377,
				392027.83102607727,
				0.0,
				6425.1272591237212,
				14698.144082763467,
				20136.470441845377,
				98870.70513525563,
				2931.5340331273619,
				-6425.1272591237212,
				0.0,
				0.0,
				392027.83102607727,
				2931.5340331273619,
				248862.0,
				0.0,
				0.0,
				-392027.83102607727,
				0.0,
				-6425.1272591237212,
				0.0,
				248862.0,
				0.0,
				-2931.5340331273619,
				6425.1272591237212,
				0.0,
				0.0,
				0.0,
				248862.0
			],
			"source_node_id" : 0,
			"target_node_id" : 1,
			"transformation" : 
			[
				0.99993152839747024,
				0.0088390452815651187,
				-0.0076687544757368005,
				0.0,
				-0.0088362889070805611,
				0.9999608819161464,
				0.00039323762958801784,
				0.0,
				0.0076719303339705149,
				-0.00032544737387226732,
				0.99997051734986564,
				0.0,
				-0.0019297218567371321,
				0.021152974001240266,
				-0.0016678553168244013,
				1.0
			],
			"uncertain" : false,
			"version_major" : 1,
			"version_minor" : 0
		},
		{
			"class_name" : "PoseGraphEdge",
			"confidence" : 1.0,
			"information" : 
			[
				684527.30808922776,
				-6162.8892134848966,
				15155.809231182706,
				0.0,
				-392845.83160561323,
				-3028.3825115313521,
				-6162.8892134848966,
				701825.5311293205,
				20850.87712988085,
				392845.83160561323,
				0.0,
				6773.4075343895238,
				15155.809231182706,
				20850.87712988085,
				99212.43363268036,
				3028.3825115313521,
				-6773.4075343895238,
				0.0,
				0.0,
				392845.83160561323,
				3028.3825115313521,
				248182.0,
				0.0,
				0.0,
				-392845.83160561323,
				0.0,
				-6773.4075343895238,
				0.0,
				248182.0,
				0.0,
				-3028.3825115313521,
				6773.4075343895238,
				0.0,
				0.0,
				0.0,
				248182.0
			],
			"source_node_id" : 1,
			"target_node_id" : 2,
			"transformation" : 
			[
				0.99992014400839735,
				0.01184568963052675,
				-0.0044028676341256508,
				0.0,
				-0.011860493406971751,
				0.99992404505583066,
				-0.0033515392475678115,
				0.0,
				0.0043628319208490968,
				0.0034034917896241172,
				0.99998469085344899,
				0.0,
				0.0021024926492770372,
				0.020093711661660414,
				-0.0009778079867348616,
				1.0
			],
			"uncertain" : false,
			"version_major" : 1,
			"version_minor" : 0
		},
		{
			"class_name" : "PoseGraphEdge",
			"confidence" : 1.0,
			"information" : 
			[
				694240.2860349752,
				-6073.8178714811647,
				14661.957614663519,
				0.0,
				-396241.43134117126,
				-4178.2942557770293,
				-6073.8178714811647,
				711992.18202737637,
				23443.409964138871,
				396241.43134117126,
				0.0,
				6370.321835615905,
				14661.957614663519,
				23443.409964138871,
				100802.23718595829,
				4178.2942557770293,
				-6370.321835615905,
				0.0,
				0.0,
				396241.43134117126,
				4178.2942557770293,
				248840.0,
				0.0,
				0.0,
				-396241.43134117126,
				0.0,
				-6370.321835615905,
				0.0,
				248840.0,
				0.0,
				-4178.2942557770293,
				6370.321835615905,
				0.0,
				0.0,
				0.0,
				248840.0
			],
			"source_node_id" : 2,
			"target_node_id" : 3,
			"transformation" : 
			[
				0.99997473150500515,
				0.0039114436266899696,
				-0.0059360727968177339,
				0.0,
				-0.003928035754638873,
				0.99998840414739021,
				-0.0027860556106647518,
				0.0,
				0.0059251064635305467,
				0.002809302317420537,
				0.99997850023582335,
				0.0,
				0.0028695847788743531,
				0.017270310239421268,
				-0.00054140735301480601,
				1.0
			],
			"uncertain" : false,
			"version_major" : 1,
			"version_minor" : 0
		},
		{
			"class_name" : "PoseGraphEdge",
			"confidence" : 1.0,
			"information" : 
			[
				668409.87287134491,
				-5365.8388647217544,
				5206.7776947409302,
				0.0,
				-376368.24483788013,
				-2737.276333505637,
				-5365.8388647217544,
				684872.78837036516,
				21157.420371666263,
				376368.24483788013,
				0.0,
				980.86418878589757,
				5206.7776947409302,
				21157.420371666263,
				94340.3964927583,
				2737.276333505637,
				-980.86418878589757,
				0.0,
				0.0,
				376368.24483788013,
				2737.276333505637,
				232159.0,
				0.0,
				0.0,
				-376368.24483788013,
				0.0,
				-980.86418878589757,
				0.0,
				232159.0,
				0.0,
				-2737.276333505637,
				980.86418878589757,
				0.0,
				0.0,
				0.0,
				232159.0
			],
			"source_node_id" : 3,
			"target_node_id" : 4,
			"transformation" : 
			[
				0.99956476087897783,
				-0.00014998022077603818,
				-0.029500276522172377,
				0.0,
				0.00013891844270542568,
				0.99999991927834941,
				-0.00037702116780157744,
				0.0,
				0.029500330686579347,
				0.00037275894096605897,
				0.99956470102747974,
				0.0,
				0.0056277627587809345,
				0.045407803337884155,
				-0.0016392194291830985,
				1.0
			],
			"uncertain" : false,
			"version_major" : 1,
			"version_minor" : 0
		},
		{
			"class_name" : "PoseGraphEdge",
			"confidence" : 1.0,
			"information" : 
			[
				718127.48773133173,
				-6207.1664880384051,
				8737.2225308885154,
				0.0,
				-400210.53497594595,
				-7616.3995359743712,
				-6207.1664880384051,
				737470.32085289049,
				31682.508981252675,
				400210.53497594595,
				0.0,
				3476.794967543683,
				8737.2225308885154,
				31682.508981252675,
				105164.33475850899,
				7616.3995359743712,
				-3476.794967543683,
				0.0,
				0.0,
				400210.53497594595,
				7616.3995359743712,
				245150.0,
				0.0,
				0.0,
				-400210.53497594595,
				0.0,
				-3476.794967543683,
				0.0,
				245150.0,
				0.0,
				-7616.3995359743712,
				3476.794967543683,
				0.0,
				0.0,
				0.0,
				245150.0
			],
			"source_node_id" : 4,
			"target_node_id" : 5,
			"transformation" : 
			[
				0.99983686005333261,
				0.0033375225461478399,
				-0.017751456896419847,
				0.0,
				-0.0033555337334413519,
				0.99999388512157195,
				-0.0009849430582424901,
				0.0,
				0.017748061078755446,
				0.0010443479871181641,
				0.99984194534197557,
				0.0,
				-0.00044807854610431875,
				0.016547430016351637,
				-0.00054394112283691787,
				1.0
			],
			"uncertain" : false,
			"version_major" : 1,
			"version_minor" : 0
		},
		{
			"class_name" : "PoseGraphEdge",
			"confidence" : 1.0,
			"information" : 
			[
				718026.99524088844,
				-5494.8829945326843,
				3412.9241129052871,
				0.0,
				-395236.65729910135,
				-7732.1307741096243,
				-5494.8829945326843,
				737601.27141139598,
				32594.775231795938,
				395236.65729910135,
				0.0,
				686.31594588363077,
				3412.9241129052871,
				32594.775231795938,
				103594.3413180432,
				7732.1307741096243,
				-686.31594588363077,
				0.0,
				0.0,
				395236.65729910135,
				7732.1307741096243,
				238608.0,
				0.0,
				0.0,
				-395236.65729910135,
				0.0,
				-686.31594588363077,
				0.0,
				238608.0,
				0.0,
				-7732.1307741096243,
				686.31594588363077,
				0.0,
				0.0,
				0.0,
				238608.0
			],
			"source_node_id" : 5,
			"target_node_id" : 6,
			"transformation" : 
			[
				0.99954327574769741,
				0.003567870693054353,
				-0.030008502233207435,
				0.0,
				-0.0036633701159671942,
				0.99998839748841406,
				-0.0031280357968982205,
				0.0,
				0.029996993631966014,
				0.0032365393973937738,
				0.99954474896613421,
				0.0,
				0.0022190504697150518,
				0.024271480303334734,
				7.2677476432288771e-05,
				1.0
			],
			"uncertain" : false,
			"version_major" : 1,
			"version_minor" : 0
		},
		{
			"class_name" : "PoseGraphEdge",
			"confidence" : 1.0,
			"information" : 
			[
				751123.5626190831,
				-6530.1524232705078,
				8775.4558034181937,
				0.0,
				-410336.42930799723,
				-10438.02637445915,
				-6530.1524232705078,
				774658.78365703055,
				39040.999404001319,
				410336.42930799723,
				0.0,
				4017.4767570783151,
				8775.4558034181937,
				39040.999404001319,
				112506.19553856563,
				10438.02637445915,
				-4017.4767570783151,
				0.0,
				0.0,
				410336.42930799723,
				10438.02637445915,
				246407.0,
				0.0,
				0.0,
				-410336.42930799723,
				0.0,
				-4017.4767570783151,
				0.0,
				246407.0,
				0.0,
				-10438.02637445915,
				4017.4767570783151,
				0.0,
				0.0,
				0.0,
				246407.0
			],
			"source_node_id" : 6,
			"target_node_id" : 7,
			"transformation" : 
			[
				0.99983768637217774,
				0.010212651399433691,
				-0.014842596178705618,
				0.0,
				-0.010262899560776742,
				0.9999418461600087,
				-0.0033131843773592691,
				0.0,
				0.014807896627674363,
				0.0034649746761865633,
				0.99988435338690895,
				0.0,
				-0.0043595947962772252,
				0.010405804060289904,
				-5.793372651874368e-05,
				1.0
			],
			"uncertain" : false,
			"version_major" : 1,
			"version_minor" : 0
		},
		{
			"class_name" : "PoseGraphEdge",
			"confidence" : 1.0,
			"information" : 
			[
				760943.70138200885,
				-6760.6492819860077,
				9724.8478409654617,
				0.0,
				-413423.04155808687,
				-11455.825867847656,
				-6760.6492819860077,
				785586.90003749158,
				41459.86256911762,
				413423.04155808687,
				0.0,
				4607.3510836260393,
				9724.8478409654617,
				41459.86256911762,
				114982.01147323221,
				11455.825867847656,
				-4607.3510836260393,
				0.0,
				0.0,
				413423.04155808687,
				11455.825867847656,
				246916.0,
				0.0,
				0.0,
				-413423.04155808687,
				0.0,
				-4607.3510836260393,
				0.0,
				246916.0,
				0.0,
				-11455.825867847656,
				4607.3510836260393,
				0.0,
				0.0,
				0.0,
				246916.0
			],
			"source_node_id" : 7,
			"target_node_id" : 8,
			"transformation" : 
			[
				0.99989651242835131,
				0.0097744988626456749,
				-0.010555738041634148,
				0.0,
				-0.0097991991121362341,
				0.99994936267880308,
				-0.0022908022644566235,
				0.0,
				0.010532812083207999,
				0.0023940029737386731,
				0.99994166260806527,
				0.0,
				-0.0010588098143717276,
				0.0088938322828379778,
				0.00049708148082448984,
				1.0
			],
			"uncertain" : false,
			"version_major" : 1,
			"version_minor" : 0
		},
		{
			"class_name" : "PoseGraphEdge",
			"confidence" : 1.0,
			"information" : 
			[
				768021.60997235111,
				-6805.7614093048123,
				11035.175215774843,
				0.0,
				-415258.16613513231,
				-12449.797924725106,
				-6805.7614093048123,
				793409.18469224672,
				43634.181787483336,
				415258.16613513231,
				0.0,
				5292.1584255468333,
				11035.175215774843,
				43634.181787483336,
				117574.17653395692,
				12449.797924725106,
				-5292.1584255468333,
				0.0,
				0.0,
				415258.16613513231,
				12449.797924725106,
				246952.0,
				0.0,
				0.0,
				-415258.16613513231,
				0.0,
				-5292.1584255468333,
				0.0,
				246952.0,
				0.0,
				-12449.797924725106,
				5292.1584255468333,
				0.0,
				0.0,
				0.0,
				246952.0
			],
			"source_node_id" : 8,
			"target_node_id" : 9,
			"transformation" : 
			[
				0.99994955089167925,
				0.0021784898839929973,
				-0.0098056031611709702,
				0.0,
				-0.0021740373246031436,
				0.99999752879573589,
				0.00046471941255883632,
				0.0,
				0.0098065913160617912,
				-0.00044337822061622388,
				0.99995181593040439,
				0.0,
				-0.0042117504505053988,
				0.0072797194188252649,
				0.0010894860316630656,
				1.0
			],
			"uncertain" : false,
			"version_major" : 1,
			"version_minor" : 0
		},
		{
			"class_name" : "PoseGraphEdge",
			"confidence" : 1.0,
			"information" : 
			[
				777161.83706655307,
				-7196.4118146162946,
				12260.78820946409,
				0.0,
				-419161.10408198833,
				-13118.023670330876,
				-7196.4118146162946,
				803051.2634048278,
				45135.616951899166,
				419161.10408198833,
				0.0,
				5959.3474925475894,
				12260.78820946409,
				45135.616951899166,
				119930.47020222212,
				13118.023670330876,
				-5959.3474925475894,
				0.0,
				0.0,
				419161.10408198833,
				13118.023670330876,
				248756.0,
				0.0,
				0.0,
				-419161.10408198833,
				0.0,
				-5959.3474925475894,
				0.0,
				248756.0,
				0.0,
				-13118.023670330876,
				5959.3474925475894,
				0.0,
				0.0,
				0.0,
				248756.0
			],
			"source_node_id" : 9,
			"target_node_id" : 10,
			"transformation" : 
			[
				0.99999132905263521,
				-0.00095227003255417535,
				-0.0040540105241360621,
				0.0,
				0.00095784312570288083,
				0.99999859871440955,
				0.0013729915377672579,
				0.0,
				0.0040526973846131712,
				-0.0013768627387419742,
				0.99999083990450055,
				0.0,
				4.4847148267983055e-05,
				0.0040164893777855865,
				0.0010789878359325137,
				1.0
			],
			"uncertain" : false,
			"version_major" : 1,
			"version_minor" : 0
		},
		{
			"class_name" : "PoseGraphEdge",
			"confidence" : 1.0,
			"information" : 
			[
				774656.499176841,
				-7437.638632534572,
				12173.618411688836,
				0.0,
				-417480.88737571239,
				-13485.785656507709,
				-7437.638632534572,
				800810.04036571959,
				45628.782549123476,
				417480.88737571239,
				0.0,
				5775.6820547550451,
				12173.618411688836,
				45628.782549123476,
				119477.16637381082,
				13485.785656507709,
				-5775.6820547550451,
				0.0,
				0.0,
				417480.88737571239,
				13485.785656507709,
				247436.0,
				0.0,
				0.0,
				-417480.88737571239,
				0.0,
				-5775.6820547550451,
				0.0,
				247436.0,
				0.0,
				-13485.785656507709,
				5775.6820547550451,
				0.0,
				0.0,
				0.0,
				247436.0
			],
			"source_node_id" : 10,
			"target_node_id" : 11,
			"transformation" : 
			[
				0.99996424185142785,
				-0.0054442567999613356,
				-0.0064710962281028968,
				0.0,
				0.0054769540592507129,
				0.99997227064686789,
				0.0050458806546516462,
				0.0,
				0.0064434457187245581,
				-0.0050811421200558371,
				0.9999663314342272,
				0.0,
				-0.00020662554128656052,
				0.0058265688935152269,
				0.0018319274033939399,
				1.0
			],
			"uncertain" : false,
			"version_major" : 1,
			"version_minor" : 0
		},
		{
			"class_name" : "PoseGraphEdge",
			"confidence" : 1.0,
			"information" : 
			[
				779601.0625309333,
				-7399.4506570430049,
				12644.472734709227,
				0.0,
				-419605.94811314344,
				-13761.314194843173,
				-7399.4506570430049,
				806181.38360012532,
				46267.174661356643,
				419605.94811314344,
				0.0,
				6082.8515820596367,
				12644.472734709227,
				46267.174661356643,
				120287.02736098551,
				13761.314194843173,
				-6082.8515820596367,
				0.0,
				0.0,
				419605.94811314344,
				13761.314194843173,
				248376.0,
				0.0,
				0.0,
				-419605.94811314344,
				0.0,
				-6082.8515820596367,
				0.0,
				248376.0,
				0.0,
				-13761.314194843173,
				6082.8515820596367,
				0.0,
				0.0,
				0.0,
				248376.0
			],
			"source_node_id" : 11,
			"target_node_id" : 12,
			"transformation" : 
			[
				0.9999623228809128,
				-0.0044971461522101035,
				-0.0074248565705328064,
				0.0,
				0.0045216073963993252,
				0.99998439488367619,
				0.0032810144285347256,
				0.0,
				0.0074099855033696984,
				-0.0033144630957499029,
				0.99996705268185038,
				0.0,
				-0.0026819889486240289,
				0.0036344883278665312,
				0.0017472150111959483,
				1.0
			],
			"uncertain" : false,
			"version_major" : 1,
			"version_minor" : 0
		},
		{
			"class_name" : "PoseGraphEdge",
			"confidence" : 1.0,
			"information" : 
			[
				780758.21155304101,
				-7479.9668698116611,
				10471.520105154457,
				0.0,
				-419084.90477252007,
				-13492.554223761545,
				-7479.9668698116611,
				806812.94728490466,
				46122.138526126684,
				419084.90477252007,
				0.0,
				5044.10459501273,
				10471.520105154457,
				46122.138526126684,
				119687.1661108582,
				13492.554223761545,
				-5044.10459501273,
				0.0,
				0.0,
				419084.90477252007,
				13492.554223761545,
				247397.0,
				0.0,
				0.0,
				-419084.90477252007,
				0.0,
				-5044.10459501273,
				0.0,
				247397.0,
				0.0,
				-13492.554223761545,
				5044.10459501273,
				0.0,
				0.0,
				0.0,
				247397.0
			],
			"source_node_id" : 12,
			"target_node_id" : 13,
			"transformation" : 
			[
				0.99993041118192505,
				0.0077856876911739569,
				-0.008863174415607562,
				0.0,
				-0.0077628009156880959,
				0.99996645315041111,
				0.0026137130159399253,
				0.0,
				0.0088832266372850244,
				-0.002544728072270977,
				0.99995730541036032,
				0.0,
				0.0012086474878613108,
				0.0055631423805643154,
				0.0023306118309845583,
				1.0
			],
			"uncertain" : false,
			"version_major" : 1,
			"version_minor" : 0
		},
		{
			"class_name" : "PoseGraphEdge",
			"confidence" : 1.0,
			"information" : 
			[
				785014.83848658518,
				-6827.5884996083432,
				9141.0356322770458,
				0.0,
				-419696.55367398262,
				-13344.759827734204,
				-6827.5884996083432,
				811808.64637143153,
				46419.060641375356,
				419696.55367398262,
				0.0,
				4507.8347241692245,
				9141.0356322770458,
				46419.060641375356,
				119523.22820009921,
				13344.759827734204,
				-4507.8347241692245,
				0.0,
				0.0,
				419696.55367398262,
				13344.759827734204,
				246683.0,
				0.0,
				0.0,
				-419696.55367398262,
				0.0,
				-4507.8347241692245,
				0.0,
				246683.0,
				0.0,
				-13344.759827734204,
				4507.8347241692245,
				0.0,
				0.0,
				0.0,
				246683.0
			],
			"source_node_id" : 13,
			"target_node_id" : 14,
			"transformation" : 
			[
				0.99989357178398197,
				0.0058658630203389552,
				-0.013358022162636755,
				0.0,
				-0.0058929092661405124,
				0.9999806640101726,
				-0.0019862593373369797,
				0.0,
				0.013346112746860424,
				0.0020647655558786657,
				0.99990880485059574,
				0.0,
				-0.0026454104061066439,
				0.0051646631654797479,
				0.0020976492733316876,
				1.0
			],
			"uncertain" : false,
			"version_major" : 1,
			"version_minor" : 0
		},
		{
			"class_name" : "PoseGraphEdge",
			"confidence" : 1.0,
			"information" : 
			[
				795434.6602131062,
				-7067.1759649630039,
				10879.59944692653,
				0.0,
				-423318.89290601015,
				-14038.438881685259,
				-7067.1759649630039,
				823475.50561143062,
				48420.464790734433,
				423318.89290601015,
				0.0,
				5371.8221752825193,
				10879.59944692653,
				48420.464790734433,
				122257.8444033181,
				14038.438881685259,
				-5371.8221752825193,
				0.0,
				0.0,
				423318.89290601015,
				14038.438881685259,
				247859.0,
				0.0,
				0.0,
				-423318.89290601015,
				0.0,
				-5371.8221752825193,
				0.0,
				247859.0,
				0.0,
				-14038.438881685259,
				5371.8221752825193,
				0.0,
				0.0,
				0.0,
				247859.0
			],
			"source_node_id" : 14,
			"target_node_id" : 15,
			"transformation" : 
			[
				0.99992592590256291,
				0.0022272612760950725,
				-0.011965868757082188,
				0.0,
				-0.0022704439705873687,
				0.99999095527197257,
				-0.0035964508094247618,
				0.0,
				0.011957750293434455,
				0.0036233522401494349,
				0.9999219387164503,
				0.0,
				-0.0074714651262697161,
				-0.0016757661725552723,
				0.0026892888093571483,
				1.0
			],
			"uncertain" : false,
			"version_major" : 1,
			"version_minor" : 0
		},
		{
			"class_name" : "PoseGraphEdge",
			"confidence" : 1.0,
			"information" : 
			[
				804896.73339725798,
				-7478.2991936002727,
				11198.586627569461,
				0.0,
				-426779.99883246422,
				-15187.291185841081,
				-7478.2991936002727,
				833274.30762420676,
				50955.66111491694,
				426779.99883246422,
				0.0,
				5361.4266038292553,
				11198.586627569461,
				50955.66111491694,
				124455.47641386592,
				15187.291185841081,
				-5361.4266038292553,
				0.0,
				0.0,
				426779.99883246422,
				15187.291185841081,
				249118.0,
				0.0,
				0.0,
				-426779.99883246422,
				0.0,
				-5361.4266038292553,
				0.0,
				249118.0,
				0.0,
				-15187.291185841081,
				5361.4266038292553,
				0.0,
				0.0,
				0.0,
				249118.0
			],
			"source_node_id" : 15,
			"target_node_id" : 16,
			"transformation" : 
			[
				0.99996558352437448,
				-0.0029109043515988735,
				-0.0077690670362442257,
				0.0,
				0.0029160277445801261,
				0.99999553829018273,
				0.00064821440856234502,
				0.0,
				0.0077671454827789093,
				-0.00067084691433414378,
				0.99996961024596476,
				0.0,
				-0.0041954736198203356,
				-0.00035862179295863023,
				0.0037406828772892585,
				1.0
			],
			"uncertain" : false,
			"version_major" : 1,
			"version_minor" : 0
		},
		{
			"class_name" : "PoseGraphEdge",
			"confidence" : 1.0,
			"information" : 
			[
				805548.3120728666,
				-7768.3085162840407,
				13182.772416750029,
				0.0,
				-426206.81686133146,
				-15490.937518236227,
				-7768.3085162840407,
				834211.73121705768,
				51732.882683015072,
				426206.81686133146,
				0.0,
				6334.5632452433929,
				13182.772416750029,
				51732.882683015072,
				124537.00078618097,
				15490.937518236227,
				-6334.5632452433929,
				0.0,
				0.0,
				426206.81686133146,
				15490.937518236227,
				248322.0,
				0.0,
				0.0,
				-426206.81686133146,
				0.0,
				-6334.5632452433929,
				0.0,
				248322.0,
				0.0,
				-15490.937518236227,
				6334.5632452433929,
				0.0,
				0.0,
				0.0,
				248322.0
			],
			"source_node_id" : 16,
			"target_node_id" : 17,
			"transformation" : 
			[
				0.99995303517363154,
				-0.0040120547038292841,
				-0.0088221802348683719,
				0.0,
				0.004018307263895543,
				0.99999168774500224,
				0.00069112056461730575,
				0.0,
				0.0088193340891444365,
				-0.0007265383371811492,
				0.99996084497757687,
				0.0,
				-0.0057214141947145893,
				-0.002283826883300903,
				0.0037482572568404279,
				1.0
			],
			"uncertain" : false,
			"version_major" : 1,
			"version_minor" : 0
		},
		{
			"class_name" : "PoseGraphEdge",
			"confidence" : 1.0,
			"information" : 
			[
				808675.01382476196,
				-8111.292250302944,
				13457.732898855553,
				0.0,
				-427181.98789948225,
				-15941.712119243224,
				-8111.292250302944,
				837451.84048622299,
				52748.865072043016,
				427181.98789948225,
				0.0,
				6320.4057941372739,
				13457.732898855553,
				52748.865072043016,
				124730.58204845575,
				15941.712119243224,
				-6320.4057941372739,
				0.0,
				0.0,
				427181.98789948225,
				15941.712119243224,
				248556.0,
				0.0,
				0.0,
				-427181.98789948225,
				0.0,
				-6320.4057941372739,
				0.0,
				248556.0,
				0.0,
				-15941.712119243224,
				6320.4057941372739,
				0.0,
				0.0,
				0.0,
				248556.0
			],
			"source_node_id" : 17,
			"target_node_id" : 18,
			"transformation" : 
			[
				0.99995249804774189,
				-0.003951534253115385,
				-0.0089099396814882638,
				0.0,
				0.0039667569807568769,
				0.99999070181332195,
				0.0016914863155848775,
				0.0,
				0.0089031728690911055,
				-0.0017267495321123371,
				0.99995887507882875,
				0.0,
				-0.0027514923119755742,
				-0.0035797347850392383,
				0.0044834665881115501,
				1.0
			],
			"uncertain" : false,
			"version_major" : 1,
			"version_minor" : 0
		},
		{
			"class_name" : "PoseGraphEdge",
			"confidence" : 1.0,
			"information" : 
			[
				810176.83021736029,
				-8144.9105176229796,
				11602.331686464733,
				0.0,
				-426921.33681076765,
				-15786.026287704939,
				-8144.9105176229796,
				838520.95025408315,
				52976.970180675351,
				426921.33681076765,
				0.0,
				5298.8292161091231,
				11602.331686464733,
				52976.970180675351,
				125156.85136533089,
				15786.026287704939,
				-5298.8292161091231,
				0.0,
				0.0,
				426921.33681076765,
				15786.026287704939,
				248134.0,
				0.0,
				0.0,
				-426921.33681076765,
				0.0,
				-5298.8292161091231,
				0.0,
				248134.0,
				0.0,
				-15786.026287704939,
				5298.8292161091231,
				0.0,
				0.0,
				0.0,
				248134.0
			],
			"source_node_id" : 18,
			"target_node_id" : 19,
			"transformation" : 
			[
				0.99990488778889908,
				0.0015221666199032298,
				-0.01370760316943791,
				0.0,
				-0.0014716797811832577,
				0.999992099914503,
				0.0036924608602914911,
				0.0,
				0.013713115418867739,
				-0.0036719364597417154,
				0.99989922859663449,
				0.0,
				-0.0093607413849053113,
				0.0015827722145503459,
				0.0037172176612495027,
				1.0
			],
			"uncertain" : false,
			"version_major" : 1,
			"version_minor" : 0
		},
		{
			"class_name" : "PoseGraphEdge",
			"confidence" : 1.0,
			"information" : 
			[
				815755.20150427544,
				-7951.1097821154253,
				11091.414531292718,
				0.0,
				-428153.06058526039,
				-15449.391299213166,
				-7951.1097821154253,
				844353.364963345,
				53139.619792368539,
				428153.06058526039,
				0.0,
				5068.8943479214795,
				11091.414531292718,
				53139.619792368539,
				125307.25230656845,
				15449.391299213166,
				-5068.8943479214795,
				0.0,
				0.0,
				428153.06058526039,
				15449.391299213166,
				247990.0,
				0.0,
				0.0,
				-428153.06058526039,
				0.0,
				-5068.8943479214795,
				0.0,
				247990.0,
				0.0,
				-15449.391299213166,
				5068.8943479214795,
				0.0,
				0.0,
				0.0,
				247990.0
			],
			"source_node_id" : 19,
			"target_node_id" : 20,
			"transformation" : 
			[
				0.9999159621782302,
				0.0048389852974968488,
				-0.01202716934593941,
				0.0,
				-0.0048759623831064278,
				0.99998347012175237,
				-0.0030470435008923,
				0.0,
				0.012012225939592808,
				0.0031054314592996956,
				0.99992302839940028,
				0.0,
				-0.0020634825877154984,
				-0.0032084127100908996,
				0.0052058983050351374,
				1.0
			],
			"uncertain" : false,
			"version_major" : 1,
			"version_minor" : 0
		},
		{
			"class_name" : "PoseGraphEdge",
			"confidence" : 1.0,
			"information" : 
			[
				822647.10044240835,
				-7930.1300309733679,
				12333.659190562212,
				0.0,
				-429254.16040205956,
				-16355.597862950177,
				-7930.1300309733679,
				851450.93790118617,
				55700.570783900643,
				429254.16040205956,
				0.0,
				5699.7424165039556,
				12333.659190562212,
				55700.570783900643,
				126499.10088110575,
				16355.597862950177,
				-5699.7424165039556,
				0.0,
				0.0,
				429254.16040205956,
				16355.597862950177,
				247527.0,
				0.0,
				0.0,
				-429254.16040205956,
				0.0,
				-5699.7424165039556,
				0.0,
				247527.0,
				0.0,
				-16355.597862950177,
				5699.7424165039556,
				0.0,
				0.0,
				0.0,
				247527.0
			],
			"source_node_id" : 20,
			"target_node_id" : 21,
			"transformation" : 
			[
				0.99983326215443513,
				0.0049950339708844721,
				-0.017564097621312797,
				0.0,
				-0.0050410669316569906,
				0.99998397179025134,
				-0.0025775582988243817,
				0.0,
				0.017550941109007547,
				0.0026656703140100152,
				0.99984241691776832,
				0.0,
				-0.010828276284628522,
				-0.0032045341077873951,
				0.0055054540783244657,
				1.0
			],
			"uncertain" : false,
			"version_major" : 1,
			"version_minor" : 0
		},
		{
			"class_name" : "PoseGraphEdge",
			"confidence" : 1.0,
			"information" : 
			[
				833548.14288356737,
				-8350.432163987567,
				14569.198551866752,
				0.0,
				-432833.60405814648,
				-16901.901870564674,
				-8350.432163987567,
				863208.66973933671,
				57666.883018385051,
				432833.60405814648,
				0.0,
				6746.827578878263,
				14569.198551866752,
				57666.883018385051,
				128736.61110972328,
				16901.901870564674,
				-6746.827578878263,
				0.0,
				0.0,
				432833.60405814648,
				16901.901870564674,
				248679.0,
				0.0,
				0.0,
				-432833.60405814648,
				0.0,
				-6746.827578878263,
				0.0,
				248679.0,
				0.0,
				-16901.901870564674,
				6746.827578878263,
				0.0,
				0.0,
				0.0,
				248679.0
			],
			"source_node_id" : 21,
			"target_node_id" : 22,
			"transformation" : 
			[
				0.9998552376125589,
				0.0068584093576307733,
				-0.015571321068408556,
				0.0,
				-0.006876502511140273,
				0.99997574194438199,
				-0.001108709157594892,
				0.0,
				0.0155633393571747,
				0.0012156248866389446,
				0.9998781449377665,
				0.0,
				-0.012445907874852212,
				-0.0011711233703901383,
				0.0061050052564382224,
				1.0
			],
			"uncertain" : false,
			"version_major" : 1,
			"version_minor" : 0
		},
		{
			"class_name" : "PoseGraphEdge",
			"confidence" : 1.0,
			"information" : 
			[
				845035.27546539553,
				-8760.8993106540165,
				15290.955760438183,
				0.0,
				-436786.00329381227,
				-16687.318346833927,
				-8760.8993106540165,
				875930.17811118683,
				58117.587692780347,
				436786.00329381227,
				0.0,
				6865.0618814519839,
				15290.955760438183,
				58117.587692780347,
				130451.18066922128,
				16687.318346833927,
				-6865.0618814519839,
				0.0,
				0.0,
				436786.00329381227,
				16687.318346833927,
				249897.0,
				0.0,
				0.0,
				-436786.00329381227,
				0.0,
				-6865.0618814519839,
				0.0,
				249897.0,
				0.0,
				-16687.318346833927,
				6865.0618814519839,
				0.0,
				0.0,
				0.0,
				249897.0
			],
			"source_node_id" : 22,
			"target_node_id" : 23,
			"transformation" : 
			[
				0.99993358451513292,
				-0.00069913872354588908,
				-0.011503815182992545,
				0.0,
				0.00065502847719382199,
				0.99999242138262934,
				-0.0038377226319122751,
				0.0,
				0.011506411100481178,
				0.0038299324211616553,
				0.99992646435687282,
				0.0,
				-0.0075350723418102948,
				-0.0050449377875418609,
				0.007675033118321694,
				1.0
			],
			"uncertain" : false,
			"version_major" : 1,
			"version_minor" : 0
		},
		{
			"class_name" : "PoseGraphEdge",
			"confidence" : 1.0,
			"information" : 
			[
				845242.79877332738,
				-9501.4362964652828,
				16897.029489132288,
				0.0,
				-434936.14487320185,
				-18813.586033788626,
				-9501.4362964652828,
				875690.08946158562,
				62329.94440413516,
				434936.14487320185,
				0.0,
				7237.7954408116639,
				16897.029489132288,
				62329.94440413516,
				130069.55750140638,
				18813.586033788626,
				-7237.7954408116639,
				0.0,
				0.0,
				434936.14487320185,
				18813.586033788626,
				247951.0,
				0.0,
				0.0,
				-434936.14487320185,
				0.0,
				-7237.7954408116639,
				0.0,
				247951.0,
				0.0,
				-18813.586033788626,
				7237.7954408116639,
				0.0,
				0.0,
				0.0,
				247951.0
			],
			"source_node_id" : 23,
			"target_node_id" : 24,
			"transformation" : 
			[
				0.9998899113590366,
				-0.0065805624869896655,
				-0.013298923256128128,
				0.0,
				0.0066035748164959837,
				0.99997677277569508,
				0.0016872192355772912,
				0.0,
				0.013287511507445672,
				-0.001774853926605322,
				0.99991014192850225,
				0.0,
				-0.005937355390069776,
				-0.0082126571478160094,
				0.0083646389974789716,
				1.0
			],
			"uncertain" : false,
			"version_major" : 1,
			"version_minor" : 0
		},
		{
			"class_name" : "PoseGraphEdge",
			"confidence" : 1.0,
			"information" : 
			[
				847029.84366190259,
				-9918.0035352108061,
				14371.572380821801,
				0.0,
				-434836.7077652812,
				-18547.01916986797,
				-9918.0035352108061,
				876353.66165769589,
				62525.064205689152,
				434836.7077652812,
				0.0,
				5828.9624801567988,
				14371.572380821801,
				62525.064205689152,
				129620.85306097269,
				18547.01916986797,
				-5828.9624801567988,
				0.0,
				0.0,
				434836.7077652812,
				18547.01916986797,
				247862.0,
				0.0,
				0.0,
				-434836.7077652812,
				0.0,
				-5828.9624801567988,
				0.0,
				247862.0,
				0.0,
				-18547.01916986797,
				5828.9624801567988,
				0.0,
				0.0,
				0.0,
				247862.0
			],
			"source_node_id" : 24,
			"target_node_id" : 25,
			"transformation" : 
			[
				0.99983233065681842,
				0.006955454558696437,
				-0.016939073919100413,
				0.0,
				-0.0068912211015235147,
				0.9999688536090614,
				0.0038474515604073169,
				0.0,
				0.016965307102577178,
				-0.0037300755570996865,
				0.99984912106339985,
				0.0,
				-0.0076042549244255252,
				-0.0046719148195388241,
				0.0085646581942189406,
				1.0
			],
			"uncertain" : false,
			"version_major" : 1,
			"version_minor" : 0
		},
		{
			"class_name" : "PoseGraphEdge",
			"confidence" : 1.0,
			"information" : 
			[
				825757.43226799229,
				-9950.7310645578382,
				9247.1698004552309,
				0.0,
				-422057.21605169773,
				-21534.054619007278,
				-9950.7310645578382,
				851223.94291831821,
				67592.898508829123,
				422057.21605169773,
				0.0,
				2968.8508730147732,
				9247.1698004552309,
				67592.898508829123,
				122097.05608758894,
				21534.054619007278,
				-2968.8508730147732,
				0.0,
				0.0,
				422057.21605169773,
				21534.054619007278,
				239948.0,
				0.0,
				0.0,
				-422057.21605169773,
				0.0,
				-2968.8508730147732,
				0.0,
				239948.0,
				0.0,
				-21534.054619007278,
				2968.8508730147732,
				0.0,
				0.0,
				0.0,
				239948.0
			],
			"source_node_id" : 25,
			"target_node_id" : 26,
			"transformation" : 
			[
				0.99924055855003402,
				0.017528079994423795,
				-0.034800467817654432,
				0.0,
				-0.017091685600960325,
				0.99977201600874244,
				0.012798058021981138,
				0.0,
				0.035016859252886286,
				-0.012193539991534471,
				0.99931233213172077,
				0.0,
				-0.015505423208999428,
				-0.014948536995900912,
				0.019799139881102771,
				1.0
			],
			"uncertain" : false,
			"version_major" : 1,
			"version_minor" : 0
		},
		{
			"class_name" : "PoseGraphEdge",
			"confidence" : 1.0,
			"information" : 
			[
				839414.64938750362,
				-11700.072956654947,
				12859.257425028505,
				0.0,
				-430369.46284335852,
				-20481.460521311266,
				-11700.072956654947,
				866241.4797758701,
				67208.22517452146,
				430369.46284335852,
				0.0,
				5173.7843477644492,
				12859.257425028505,
				67208.22517452146,
				127270.15892027252,
				20481.460521311266,
				-5173.7843477644492,
				0.0,
				0.0,
				430369.46284335852,
				20481.460521311266,
				247265.0,
				0.0,
				0.0,
				-430369.46284335852,
				0.0,
				-5173.7843477644492,
				0.0,
				247265.0,
				0.0,
				-20481.460521311266,
				5173.7843477644492,
				0.0,
				0.0,
				0.0,
				247265.0
			],
			"source_node_id" : 26,
			"target_node_id" : 27,
			"transformation" : 
			[
				0.99980429066664001,
				0.0085335897547036271,
				-0.017848199082150223,
				0.0,
				-0.0083272960996038699,
				0.99989803368321961,
				0.011600792046240108,
				0.0,
				0.017945375567180889,
				-0.011449894424360549,
				0.99977340603429876,
				0.0,
				-0.0099230361814378418,
				-0.0058671522636649567,
				0.0093843167318910809,
				1.0
			],
			"uncertain" : false,
			"version_major" : 1,
			"version_minor" : 0
		},
		{
			"class_name" : "PoseGraphEdge",
			"confidence" : 1.0,
			"information" : 
			[
				842618.0565136543,
				-12304.013222719062,
				12849.533311321678,
				0.0,
				-431884.57706654072,
				-20284.027809526306,
				-12304.013222719062,
				868575.14613673231,
				67538.897671549668,
				431884.57706654072,
				0.0,
				5535.1558538926765,
				12849.533311321678,
				67538.897671549668,
				128924.49591072343,
				20284.027809526306,
				-5535.1558538926765,
				0.0,
				0.0,
				431884.57706654072,
				20284.027809526306,
				249194.0,
				0.0,
				0.0,
				-431884.57706654072,
				0.0,
				-5535.1558538926765,
				0.0,
				249194.0,
				0.0,
				-20284.027809526306,
				5535.1558538926765,
				0.0,
				0.0,
				0.0,
				249194.0
			],
			"source_node_id" : 27,
			"target_node_id" : 28,
			"transformation" : 
			[
				0.99983631123226946,
				0.0096014204654829832,
				-0.015335040478996835,
				0.0,
				-0.0094534341508339063,
				0.99990832800746421,
				0.009693717763210815,
				0.0,
				0.015426708145398805,
				-0.0095471622151268552,
				0.99983542064153474,
				0.0,
				-0.013458908973956064,
				-0.0046641548560881025,
				0.010112258467525991,
				1.0
			],
			"uncertain" : false,
			"version_major" : 1,
			"version_minor" : 0
		},
		{
			"class_name" : "PoseGraphEdge",
			"confidence" : 1.0,
			"information" : 
			[
				846566.58485372749,
				-12921.387032144949,
				11314.574198035247,
				0.0,
				-434256.0970121026,
				-20363.01200486836,
				-12921.387032144949,
				872682.87998695718,
				67794.992753615559,
				434256.0970121026,
				0.0,
				4974.3439355558949,
				11314.574198035247,
				67794.992753615559,
				130479.42649952938,
				20363.01200486836,
				-4974.3439355558949,
				0.0,
				0.0,
				434256.0970121026,
				20363.01200486836,
				251373.0,
				0.0,
				0.0,
				-434256.0970121026,
				0.0,
				-4974.3439355558949,
				0.0,
				251373.0,
				0.0,
				-20363.01200486836,
				4974.3439355558949,
				0.0,
				0.0,
				0.0,
				251373.0
			],
			"source_node_id" : 28,
			"target_node_id" : 29,
			"transformation" : 
			[
				0.99995026913703222,
				0.005166744695871266,
				-0.0085301818282806346,
				0.0,
				-0.0050839901236997892,
				0.99994008082463548,
				0.0096947307772472409,
				0.0,
				0.008579760905641028,
				-0.0096508812897511172,
				0.9999166206205059,
				0.0,
				-0.006238509286272168,
				-0.005018894477104986,
				0.0098101910233696354,
				1.0
			],
			"uncertain" : false,
			"version_major" : 1,
			"version_minor" : 0
		},
		{
			"class_name" : "PoseGraphEdge",
			"confidence" : 1.0,
			"information" : 
			[
				829724.96517408791,
				-12611.174329560465,
				7807.5454528302571,
				0.0,
				-426957.68706542253,
				-22728.151287395274,
				-12611.174329560465,
				855178.92587563815,
				70054.269528663965,
				426957.68706542253,
				0.0,
				3728.9949595389189,
				7807.5454528302571,
				70054.269528663965,
				126251.6113272915,
				22728.151287395274,
				-3728.9949595389189,
				0.0,
				0.0,
				426957.68706542253,
				22728.151287395274,
				247825.0,
				0.0,
				0.0,
				-426957.68706542253,
				0.0,
				-3728.9949595389189,
				0.0,
				247825.0,
				0.0,
				-22728.151287395274,
				3728.9949595389189,
				0.0,
				0.0,
				0.0,
				247825.0
			],
			"source_node_id" : 29,
			"target_node_id" : 30,
			"transformation" : 
			[
				0.99991374710629854,
				0.0015086735319548047,
				-0.013046925002279601,
				0.0,
				-0.0012331050714215414,
				0.99977653282998002,
				0.021103645522690735,
				0.0,
				0.013075847954299698,
				-0.021085737042810009,
				0.99969215956395119,
				0.0,
				-0.015219768931867945,
				-0.011692043760732627,
				0.020997454418345281,
				1.0
			],
			"uncertain" : false,
			"version_major" : 1,
			"version_minor" : 0
		},
		{
			"class_name" : "PoseGraphEdge",
			"confidence" : 1.0,
			"information" : 
			[
				832970.82919792191,
				-13628.931589788488,
				4323.2501806417285,
				0.0,
				-430253.58761614561,
				-18982.690627735225,
				-13628.931589788488,
				857360.49184735061,
				63668.156845877798,
				430253.58761614561,
				0.0,
				2801.9611879851436,
				4323.2501806417285,
				63668.156845877798,
				128716.53115032286,
				18982.690627735225,
				-2801.9611879851436,
				0.0,
				0.0,
				430253.58761614561,
				18982.690627735225,
				251970.0,
				0.0,
				0.0,
				-430253.58761614561,
				0.0,
				-2801.9611879851436,
				0.0,
				251970.0,
				0.0,
				-18982.690627735225,
				2801.9611879851436,
				0.0,
				0.0,
				0.0,
				251970.0
			],
			"source_node_id" : 30,
			"target_node_id" : 31,
			"transformation" : 
			[
				0.9999971342921653,
				-0.0007784196320652449,
				-0.0022639501612206699,
				0.0,
				0.00080566641342784656,
				0.99992696116575674,
				0.012059155668782177,
				0.0,
				0.0022543977214213996,
				-0.012060945099371879,
				0.99992472281378442,
				0.0,
				-0.0031037957192312261,
				-0.0048730907762475498,
				0.010221726918148558,
				1.0
			],
			"uncertain" : false,
			"version_major" : 1,
			"version_minor" : 0
		},
		{
			"class_name" : "PoseGraphEdge",
			"confidence" : 1.0,
			"information" : 
			[
				827416.92668665247,
				-13746.749641935085,
				913.21844058096713,
				0.0,
				-428398.52579498291,
				-18202.000040543149,
				-13746.749641935085,
				850678.36554699845,
				61853.632432090766,
				428398.52579498291,
				0.0,
				1389.7812140621245,
				913.21844058096713,
				61853.632432090766,
				127762.92077608906,
				18202.000040543149,
				-1389.7812140621245,
				0.0,
				0.0,
				428398.52579498291,
				18202.000040543149,
				251871.0,
				0.0,
				0.0,
				-428398.52579498291,
				0.0,
				-1389.7812140621245,
				0.0,
				251871.0,
				0.0,
