{
	"class_name" : "PoseGraph",
	"edges" : 
	[
		{
			"class_name" : "PoseGraphEdge",
			"confidence" : 1.0,
			"information" : 
			[
				563493.42572108808,
				7178.1577246375764,
				26168.510883921368,
				0.0,
				-357601.82838633657,
				-19482.691266955342,
				7178.1577246375764,
				588928.86702135031,
				48163.123829176446,
				357601.82838633657,
				0.0,
				16414.89622165641,
				26168.510883921368,
				48163.123829176446,
				89755.776613900467,
				19482.691266955342,
				-16414.89622165641,
				0.0,
				0.0,
				357601.82838633657,
				19482.691266955342,
				258123.0,
				0.0,
				0.0,
				-357601.82838633657,
				0.0,
				-16414.89622165641,
				0.0,
				258123.0,
				0.0,
				-19482.691266955342,
				16414.89622165641,
				0.0,
				0.0,
				0.0,
				258123.0
			],
			"source_node_id" : 0,
			"target_node_id" : 1,
			"transformation" : 
			[
				0.99999650913204685,
				-0.00075665755187389369,
				0.0025316384156758628,
				0.0,
				0.00074377024745528114,
				0.99998678160844057,
				0.0050875744919907789,
				0.0,
				-0.0025354545031480834,
				-0.0050856737746091335,
				0.99998385356600705,
				0.0,
				-0.00022415530971459894,
				-0.0025566476625342545,
				0.0033599931922652878,
				1.0
			],
			"uncertain" : false,
			"version_major" : 1,
			"version_minor" : 0
		},
		{
			"class_name" : "PoseGraphEdge",
			"confidence" : 1.0,
			"information" : 
			[
				556149.39860229997,
				6933.5025334260672,
				28844.909263996811,
				0.0,
				-353332.54067254066,
				-20452.942524856422,
				6933.5025334260672,
				580958.45661636128,
				49505.564093299508,
				353332.54067254066,
				0.0,
				18010.049518303655,
				28844.909263996811,
				49505.564093299508,
				88337.755206614747,
				20452.942524856422,
				-18010.049518303655,
				0.0,
				0.0,
				353332.54067254066,
				20452.942524856422,
				256093.0,
				0.0,
				0.0,
				-353332.54067254066,
				0.0,
				-18010.049518303655,
				0.0,
				256093.0,
				0.0,
				-20452.942524856422,
				18010.049518303655,
				0.0,
				0.0,
				0.0,
				256093.0
			],
			"source_node_id" : 1,
			"target_node_id" : 2,
			"transformation" : 
			[
				0.99998270061996664,
				-0.0027311613987295222,
				0.0052095314772980456,
				0.0,
				0.0027267144896576906,
				0.99999591225683193,
				0.00086052177152920657,
				0.0,
				-0.0052118604059165092,
				-0.00084630198007257565,
				0.99998606004487289,
				0.0,
				0.0006847408006723189,
				-0.0092496249758329627,
				0.0053020550909269916,
				1.0
			],
			"uncertain" : false,
			"version_major" : 1,
			"version_minor" : 0
		},
		{
			"class_name" : "PoseGraphEdge",
			"confidence" : 1.0,
			"information" : 
			[
				555196.60921721032,
				7125.9587163640781,
				29197.606131952132,
				0.0,
				-353566.12466040254,
				-20464.895140894805,
				7125.9587163640781,
				579733.20053247653,
				50121.060672688232,
				353566.12466040254,
				0.0,
				17974.192444878689,
				29197.606131952132,
				50121.060672688232,
				88539.881825418706,
				20464.895140894805,
				-17974.192444878689,
				0.0,
				0.0,
				353566.12466040254,
				20464.895140894805,
				258372.0,
				0.0,
				0.0,
				-353566.12466040254,
				0.0,
				-17974.192444878689,
				0.0,
				258372.0,
				0.0,
				-20464.895140894805,
				17974.192444878689,
				0.0,
				0.0,
				0.0,
				258372.0
			],
			"source_node_id" : 2,
			"target_node_id" : 3,
			"transformation" : 
			[
				0.99997591525905338,
				-0.005631135629510807,
				0.0040569956053023003,
				0.0,
				0.0056325839107366771,
				0.99998407713677762,
				-0.00034564634531554034,
				0.0,
				-0.0040549846248658641,
				0.00036848938868520918,
				0.99999171062327408,
				0.0,
				0.0022927182499544578,
				-0.0060052526232698012,
				0.0025517776651975844,
				1.0
			],
			"uncertain" : false,
			"version_major" : 1,
			"version_minor" : 0
		},
		{
			"class_name" : "PoseGraphEdge",
			"confidence" : 1.0,
			"information" : 
			[
				549715.62946897361,
				7074.1942746827981,
				30219.133291242895,
				0.0,
				-350955.21709769964,
				-20791.296154997312,
				7074.1942746827981,
				574066.80648056557,
				50495.780618699675,
				350955.21709769964,
				0.0,
				18356.784389758541,
				30219.133291242895,
				50495.780618699675,
				87892.719117057655,
				20791.296154997312,
				-18356.784389758541,
				0.0,
				0.0,
				350955.21709769964,
				20791.296154997312,
				257826.0,
				0.0,
				0.0,
				-350955.21709769964,
				0.0,
				-18356.784389758541,
				0.0,
				257826.0,
				0.0,
				-20791.296154997312,
				18356.784389758541,
				0.0,
				0.0,
				0.0,
				257826.0
			],
			"source_node_id" : 3,
			"target_node_id" : 4,
			"transformation" : 
			[
				0.99998695875403276,
				-0.0049969855147249352,
				0.0010547310682743184,
				0.0,
				0.0049935312560315638,
				0.99998224237632349,
				0.00325262626429762,
				0.0,
				-0.0010709656650844388,
				-0.0032473170134423284,
				0.99999415396529112,
				0.0,
				0.00013680630811177132,
				-0.0028763135872876193,
				0.0016795747479677061,
				1.0
			],
			"uncertain" : false,
			"version_major" : 1,
			"version_minor" : 0
		},
		{
			"class_name" : "PoseGraphEdge",
			"confidence" : 1.0,
			"information" : 
			[
				544561.15235574241,
				6875.2690364410246,
				31929.607175070789,
				0.0,
				-348599.70198279619,
				-20815.570242537651,
				6875.2690364410246,
				568748.02782316518,
				50425.28715178914,
				348599.70198279619,
				0.0,
				19298.036919718375,
				31929.607175070789,
				50425.28715178914,
				87089.409039634382,
				20815.570242537651,
				-19298.036919718375,
				0.0,
				0.0,
				348599.70198279619,
				20815.570242537651,
				257305.0,
				0.0,
				0.0,
				-348599.70198279619,
				0.0,
				-19298.036919718375,
				0.0,
				257305.0,
				0.0,
				-20815.570242537651,
				19298.036919718375,
				0.0,
				0.0,
				0.0,
				257305.0
			],
			"source_node_id" : 4,
			"target_node_id" : 5,
			"transformation" : 
			[
				0.99999559436924279,
				-0.0029070745198306889,
				0.00060013318680235406,
				0.0,
				0.0029060677618788738,
				0.99999438013179953,
				0.0016716683225345506,
				0.0,
				-0.00060498947851899082,
				-0.0016699169300741718,
				0.99999842268134509,
				0.0,
				-0.0007751320401611809,
				-0.0032182624249156877,
				0.0014760154154783431,
				1.0
			],
			"uncertain" : false,
			"version_major" : 1,
			"version_minor" : 0
		},
		{
			"class_name" : "PoseGraphEdge",
			"confidence" : 1.0,
			"information" : 
			[
				538019.84205362725,
				6689.5694763669653,
				33987.117490336488,
				0.0,
				-344697.26239815354,
				-21146.234461742337,
				6689.5694763669653,
				561328.54185344069,
				50851.993209664222,
				344697.26239815354,
				0.0,
				20654.461707112612,
				33987.117490336488,
				50851.993209664222,
				85639.449809529819,
				21146.234461742337,
				-20654.461707112612,
				0.0,
				0.0,
				344697.26239815354,
				21146.234461742337,
				255352.0,
				0.0,
				0.0,
				-344697.26239815354,
				0.0,
				-20654.461707112612,
				0.0,
				255352.0,
				0.0,
				-21146.234461742337,
				20654.461707112612,
				0.0,
				0.0,
				0.0,
				255352.0
			],
			"source_node_id" : 5,
			"target_node_id" : 6,
			"transformation" : 
			[
				0.99997481335723271,
				-0.0056925568246383364,
				0.0042388026571690413,
				0.0,
				0.0056944476500382811,
				0.99998369226120554,
				-0.00043414007677063755,
				0.0,
				-0.004236262164825642,
				0.00045826678206970536,
				0.99999092199600881,
				0.0,
				-0.0025704382827259186,
				-0.0062010459495571496,
				0.0025476643970815797,
				1.0
			],
			"uncertain" : false,
			"version_major" : 1,
			"version_minor" : 0
		},
		{
			"class_name" : "PoseGraphEdge",
			"confidence" : 1.0,
			"information" : 
			[
				536018.02318521799,
				6727.3875845977464,
				33890.706367443461,
				0.0,
				-344274.84445059299,
				-21325.972973866505,
				6727.3875845977464,
				559254.48879088392,
				51441.348256666613,
				344274.84445059299,
				0.0,
				20378.608568686643,
				33890.706367443461,
				51441.348256666613,
				85658.213077289809,
				21325.972973866505,
				-20378.608568686643,
				0.0,
				0.0,
				344274.84445059299,
				21325.972973866505,
				256926.0,
				0.0,
				0.0,
				-344274.84445059299,
				0.0,
				-20378.608568686643,
				0.0,
				256926.0,
				0.0,
				-21325.972973866505,
				20378.608568686643,
				0.0,
				0.0,
				0.0,
				256926.0
			],
			"source_node_id" : 6,
			"target_node_id" : 7,
			"transformation" : 
			[
				0.99999180121190279,
				-0.0023859768007274901,
				0.0032717921207035417,
				0.0,
				0.0023841200760762421,
				0.99999699480222692,
				0.00057127749729445098,
				0.0,
				-0.0032731453431764672,
				-0.00056347246823158748,
				0.99999448449395922,
				0.0,
				-0.00065873932999680851,
				-0.0035757860112976395,
				0.0012723038807226832,
				1.0
			],
			"uncertain" : false,
			"version_major" : 1,
			"version_minor" : 0
		},
		{
			"class_name" : "PoseGraphEdge",
			"confidence" : 1.0,
			"information" : 
			[
				529501.14165474393,
				6576.1616258174681,
				35132.397773106204,
				0.0,
				-340962.193400383,
				-21324.545085255406,
				6576.1616258174681,
				552334.33873154549,
				51277.247984014823,
				340962.193400383,
				0.0,
				21056.649705528864,
				35132.397773106204,
				51277.247984014823,
				84765.725511499142,
				21324.545085255406,
				-21056.649705528864,
				0.0,
				0.0,
				340962.193400383,
				21324.545085255406,
				255778.0,
				0.0,
				0.0,
				-340962.193400383,
				0.0,
				-21056.649705528864,
				0.0,
				255778.0,
				0.0,
				-21324.545085255406,
				21056.649705528864,
				0.0,
				0.0,
				0.0,
				255778.0
			],
			"source_node_id" : 7,
			"target_node_id" : 8,
			"transformation" : 
			[
				0.99998137784520369,
				-0.005206024000871055,
				0.0031845371580328683,
				0.0,
				0.0051999558043861463,
				0.99998465445694928,
				0.0019108401941712026,
				0.0,
				-0.0031944361694934988,
				-0.0018942451577301208,
				0.99999310368264072,
				0.0,
				-0.0018118702078631034,
				-0.0022161291546564169,
				0.00094765678036604517,
				1.0
			],
			"uncertain" : false,
			"version_major" : 1,
			"version_minor" : 0
		},
		{
			"class_name" : "PoseGraphEdge",
			"confidence" : 1.0,
			"information" : 
			[
				526897.13307297253,
				6550.8550776817128,
				36041.048755151125,
				0.0,
				-339402.86026927829,
				-21650.841244632262,
				6550.8550776817128,
				549511.13296163979,
				51690.95352864101,
				339402.86026927829,
				0.0,
				21542.082516098162,
				36041.048755151125,
				51690.95352864101,
				84530.481016020523,
				21650.841244632262,
				-21542.082516098162,
				0.0,
				0.0,
				339402.86026927829,
				21650.841244632262,
				255130.0,
				0.0,
				0.0,
				-339402.86026927829,
				0.0,
				-21542.082516098162,
				0.0,
				255130.0,
				0.0,
				-21650.841244632262,
				21542.082516098162,
				0.0,
				0.0,
				0.0,
				255130.0
			],
			"source_node_id" : 8,
			"target_node_id" : 9,
			"transformation" : 
			[
				0.99998323667517752,
				-0.0048380314942457776,
				0.0031811664364146224,
				0.0,
				0.0048334754630919123,
				0.99998728429352468,
				0.0014383206211080199,
				0.0,
				-0.0031880846260997128,
				-0.0014229204201578291,
				0.9999939056883772,
				0.0,
				-0.0012225556751762827,
				-0.00085300488698813223,
				0.0010587947628097356,
				1.0
			],
			"uncertain" : false,
			"version_major" : 1,
			"version_minor" : 0
		},
		{
			"class_name" : "PoseGraphEdge",
			"confidence" : 1.0,
			"information" : 
			[
				525013.20756141143,
				6514.0903842113821,
				36576.52197956702,
				0.0,
				-338290.25971180201,
				-21802.970676021301,
				6514.0903842113821,
				547370.18875780271,
				51971.430625884306,
				338290.25971180201,
				0.0,
				21903.806070864084,
				36576.52197956702,
				51971.430625884306,
				84218.577014136201,
				21802.970676021301,
				-21903.806070864084,
				0.0,
				0.0,
				338290.25971180201,
				21802.970676021301,
				254743.0,
				0.0,
				0.0,
				-338290.25971180201,
				0.0,
				-21903.806070864084,
				0.0,
				254743.0,
				0.0,
				-21802.970676021301,
				21903.806070864084,
				0.0,
				0.0,
				0.0,
				254743.0
			],
			"source_node_id" : 9,
			"target_node_id" : 10,
			"transformation" : 
			[
				0.9999944855372378,
				-0.0015259819580976247,
				0.0029496227181706461,
				0.0,
				0.0015237941293602183,
				0.99999856237811602,
				0.00074383677777562201,
				0.0,
				-0.0029507535592311327,
				-0.00073933805813362918,
				0.99999537320563059,
				0.0,
				-0.0019549950394388872,
				-0.00034536002619038597,
				0.0008183238667619718,
				1.0
			],
			"uncertain" : false,
			"version_major" : 1,
			"version_minor" : 0
		},
		{
			"class_name" : "PoseGraphEdge",
			"confidence" : 1.0,
			"information" : 
			[
				525440.08260651608,
				6452.6108052786867,
				36852.658075504231,
				0.0,
				-338539.9108146131,
				-21748.038511442835,
				6452.6108052786867,
				547997.8657438067,
				52139.861497139478,
				338539.9108146131,
				0.0,
				21963.734897063754,
				36852.658075504231,
				52139.861497139478,
				84443.692376735402,
				21748.038511442835,
				-21963.734897063754,
				0.0,
				0.0,
				338539.9108146131,
				21748.038511442835,
				255448.0,
				0.0,
				0.0,
				-338539.9108146131,
				0.0,
				-21963.734897063754,
				0.0,
				255448.0,
				0.0,
				-21748.038511442835,
				21963.734897063754,
				0.0,
				0.0,
				0.0,
				255448.0
			],
			"source_node_id" : 10,
			"target_node_id" : 11,
			"transformation" : 
			[
				0.99999365270722373,
				-0.00038355177909850195,
				0.0035422356353612613,
				0.0,
				0.0003845419892463184,
				0.99999988718032107,
				-0.00027886699844443527,
				0.0,
				-0.0035421282757939934,
				0.00028022736673155455,
				0.99999368738002514,
				0.0,
				-0.00041160171499985678,
				0.00025440132975091306,
				0.001801402897390534,
				1.0
			],
			"uncertain" : false,
			"version_major" : 1,
			"version_minor" : 0
		},
		{
			"class_name" : "PoseGraphEdge",
			"confidence" : 1.0,
			"information" : 
			[
				524150.04423404479,
				6494.9586004783296,
				36465.812987183046,
				0.0,
				-337206.61186230183,
				-22027.646859969478,
				6494.9586004783296,
				546497.35471720854,
				52629.400879319386,
				337206.61186230183,
				0.0,
				21737.06226039707,
				36465.812987183046,
				52629.400879319386,
				84200.746575661193,
				22027.646859969478,
				-21737.06226039707,
				0.0,
				0.0,
				337206.61186230183,
				22027.646859969478,
				254307.0,
				0.0,
				0.0,
				-337206.61186230183,
				0.0,
				-21737.06226039707,
				0.0,
				254307.0,
				0.0,
				-22027.646859969478,
				21737.06226039707,
				0.0,
				0.0,
				0.0,
				254307.0
			],
			"source_node_id" : 11,
			"target_node_id" : 12,
			"transformation" : 
			[
				0.99999649664815426,
				0.00011704553552640462,
				0.0026444265464631495,
				0.0,
				-0.00011682024169012803,
				0.99999998953420199,
				-8.5350025704763609e-05,
				0.0,
				-0.0026444365086265818,
				8.5040804145302415e-05,
				0.9999964998556814,
				0.0,
				-0.0027645306516447341,
				0.00080897010017460483,
				0.0010901145284608967,
				1.0
			],
			"uncertain" : false,
			"version_major" : 1,
			"version_minor" : 0
		},
		{
			"class_name" : "PoseGraphEdge",
			"confidence" : 1.0,
			"information" : 
			[
				525452.07361064234,
				6562.0279113669358,
				36585.772549217116,
				0.0,
				-337804.59438765049,
				-21794.461759238504,
				6562.0279113669358,
				548204.85806479247,
				52474.806953410443,
				337804.59438765049,
				0.0,
				21697.179901057505,
				36585.772549217116,
				52474.806953410443,
				84500.324262146387,
				21794.461759238504,
				-21697.179901057505,
				0.0,
				0.0,
				337804.59438765049,
				21794.461759238504,
				254809.0,
				0.0,
				0.0,
				-337804.59438765049,
				0.0,
				-21697.179901057505,
				0.0,
				254809.0,
				0.0,
				-21794.461759238504,
				21697.179901057505,
				0.0,
				0.0,
				0.0,
				254809.0
			],
			"source_node_id" : 12,
			"target_node_id" : 13,
			"transformation" : 
			[
				0.99999165962467451,
				-0.0020750656196941233,
				0.0035177810850542217,
				0.0,
				0.0020771347933468093,
				0.99999767184335209,
				-0.00058465282432235328,
				0.0,
				-0.003516559702133592,
				0.00059195485358550751,
				0.99999364167844251,
				0.0,
				0.00071176844058903357,
				0.00075288658913344681,
				0.0021695275318270174,
				1.0
			],
			"uncertain" : false,
			"version_major" : 1,
			"version_minor" : 0
		},
		{
			"class_name" : "PoseGraphEdge",
			"confidence" : 1.0,
			"information" : 
			[
				527381.39848603774,
				6618.1100019180512,
				36731.405462597264,
				0.0,
				-338564.67823141813,
				-21713.941691690707,
				6618.1100019180512,
				550369.3897211263,
				52480.018065312004,
				338564.67823141813,
				0.0,
				21785.879942236177,
				36731.405462597264,
				52480.018065312004,
				84856.783383684742,
				21713.941691690707,
				-21785.879942236177,
				0.0,
				0.0,
				338564.67823141813,
				21713.941691690707,
				254970.0,
				0.0,
				0.0,
				-338564.67823141813,
				0.0,
				-21785.879942236177,
				0.0,
				254970.0,
				0.0,
				-21713.941691690707,
				21785.879942236177,
				0.0,
				0.0,
				0.0,
				254970.0
			],
			"source_node_id" : 13,
			"target_node_id" : 14,
			"transformation" : 
			[
				0.99999928263054194,
				-0.00056319116585272196,
				0.001057144319562896,
				0.0,
				0.0005635721734758959,
				0.99999977633958581,
				-0.00036014883704604415,
				0.0,
				-0.0010569412504781433,
				0.00036074435580812317,
				0.99999937636915714,
				0.0,
				-0.0015797717958737822,
				0.0010103393514020549,
				0.0022409995858087882,
				1.0
			],
			"uncertain" : false,
			"version_major" : 1,
			"version_minor" : 0
		},
		{
			"class_name" : "PoseGraphEdge",
			"confidence" : 1.0,
			"information" : 
			[
				530505.2148374141,
				6639.69654105065,
				36683.676521443507,
				0.0,
				-339835.50701776147,
				-21959.195348085253,
				6639.69654105065,
				553569.7402307475,
				53073.743665622511,
				339835.50701776147,
				0.0,
				21723.0582538991,
				36683.676521443507,
				53073.743665622511,
				85533.089405540974,
				21959.195348085253,
				-21723.0582538991,
				0.0,
				0.0,
				339835.50701776147,
				21959.195348085253,
				255375.0,
				0.0,
				0.0,
				-339835.50701776147,
				0.0,
				-21723.0582538991,
				0.0,
				255375.0,
				0.0,
				-21959.195348085253,
				21723.0582538991,
				0.0,
				0.0,
				0.0,
				255375.0
			],
			"source_node_id" : 14,
			"target_node_id" : 15,
			"transformation" : 
			[
				0.99999969654639131,
				0.00036475560281772046,
				0.00068837524277913552,
				0.0,
				-0.00036566576432287728,
				0.99999905860677318,
				0.0013225256581532283,
				0.0,
				-0.00068789219610366212,
				-0.0013227769720873372,
				0.99999888853208707,
				0.0,
				-0.0018894864613496014,
				0.0035395576122439899,
				0.0023140067867929845,
				1.0
			],
			"uncertain" : false,
			"version_major" : 1,
			"version_minor" : 0
		},
		{
			"class_name" : "PoseGraphEdge",
			"confidence" : 1.0,
			"information" : 
			[
				532454.85818909737,
				6650.6880729801496,
				36301.726293418847,
				0.0,
				-340604.34083285928,
				-21057.164926897618,
				6650.6880729801496,
				556096.09236232843,
				51796.122628686731,
				340604.34083285928,
				0.0,
				21237.258127558976,
				36301.726293418847,
				51796.122628686731,
				85358.205851745108,
				21057.164926897618,
				-21237.258127558976,
				0.0,
				0.0,
				340604.34083285928,
				21057.164926897618,
				255238.0,
				0.0,
				0.0,
				-340604.34083285928,
				0.0,
				-21237.258127558976,
				0.0,
				255238.0,
				0.0,
				-21057.164926897618,
				21237.258127558976,
				0.0,
				0.0,
				0.0,
				255238.0
			],
			"source_node_id" : 15,
			"target_node_id" : 16,
			"transformation" : 
			[
				0.99999846857407271,
				-0.00067876652176560427,
				0.0016131105105595045,
				0.0,
				0.00068211106802418915,
				0.99999761722847569,
				-0.0020737072752646407,
				0.0,
				-0.001611699103811322,
				0.0020748044200687515,
				0.99999654880035282,
				0.0,
				0.00079206595427741143,
				0.0034414462871396323,
				0.0025258321547288001,
				1.0
			],
			"uncertain" : false,
			"version_major" : 1,
			"version_minor" : 0
		},
		{
			"class_name" : "PoseGraphEdge",
			"confidence" : 1.0,
			"information" : 
			[
				538754.1579305093,
				6877.6314129212924,
				34715.947662132225,
				0.0,
				-343273.78367468715,
				-20318.655007864232,
				6877.6314129212924,
				562790.62858837238,
				50954.504967235684,
				343273.78367468715,
				0.0,
				20171.596983240684,
				34715.947662132225,
				50954.504967235684,
				85828.728675966748,
				20318.655007864232,
				-20171.596983240684,
				0.0,
				0.0,
				343273.78367468715,
				20318.655007864232,
				255588.0,
				0.0,
				0.0,
				-343273.78367468715,
				0.0,
				-20171.596983240684,
				0.0,
				255588.0,
				0.0,
				-20318.655007864232,
				20171.596983240684,
				0.0,
				0.0,
				0.0,
				255588.0
			],
			"source_node_id" : 16,
			"target_node_id" : 17,
			"transformation" : 
			[
				0.99999836369689243,
				0.0015100648495263574,
				-0.00099614641892405782,
				0.0,
				-0.0015134272263362433,
				0.99999313135096224,
				-0.0033833103504284749,
				0.0,
				0.00099103055870869883,
				0.0033848124094190534,
				0.99999378043235043,
				0.0,
				8.9321989463309525e-05,
				0.0043581376878795543,
				0.0023026190924342804,
				1.0
			],
			"uncertain" : false,
			"version_major" : 1,
			"version_minor" : 0
		},
		{
			"class_name" : "PoseGraphEdge",
			"confidence" : 1.0,
			"information" : 
			[
				549214.79576602892,
				7212.2339634907403,
				33579.945671593487,
				0.0,
				-347578.51522099972,
				-20218.979550123215,
				7212.2339634907403,
				573878.81057507009,
				51304.577498947889,
				347578.51522099972,
				0.0,
				19711.15673790127,
				33579.945671593487,
				51304.577498947889,
				87494.694100492474,
				20218.979550123215,
				-19711.15673790127,
				0.0,
				0.0,
				347578.51522099972,
				20218.979550123215,
				256304.0,
				0.0,
				0.0,
				-347578.51522099972,
				0.0,
				-19711.15673790127,
				0.0,
				256304.0,
				0.0,
				-20218.979550123215,
				19711.15673790127,
				0.0,
				0.0,
				0.0,
				256304.0
			],
			"source_node_id" : 17,
			"target_node_id" : 18,
			"transformation" : 
			[
				0.99999075021585326,
				0.0042411506327932813,
				-0.00071562842600568879,
				0.0,
				-0.0042437986358403066,
				0.99998400034611834,
				-0.0037402172281106945,
				0.0,
				0.00069975415153478062,
				0.0037432196148467277,
				0.99999274929923421,
				0.0,
				-0.0004910337094167211,
				0.0050383349760456976,
				0.0022967471447977433,
				1.0
			],
			"uncertain" : false,
			"version_major" : 1,
			"version_minor" : 0
		},
		{
			"class_name" : "PoseGraphEdge",
			"confidence" : 1.0,
			"information" : 
			[
				559328.11305644375,
				7692.1723198763038,
				31593.064674764784,
				0.0,
				-351465.80740791559,
				-20092.419021602604,
				7692.1723198763038,
				584490.40058758645,
				51681.328212007116,
				351465.80740791559,
				0.0,
				18636.394490059756,
				31593.064674764784,
				51681.328212007116,
				89069.687000603328,
				20092.419021602604,
				-18636.394490059756,
				0.0,
				0.0,
				351465.80740791559,
				20092.419021602604,
				256790.0,
				0.0,
				0.0,
				-351465.80740791559,
				0.0,
				-18636.394490059756,
				0.0,
				256790.0,
				0.0,
				-20092.419021602604,
				18636.394490059756,
				0.0,
				0.0,
				0.0,
				256790.0
			],
			"source_node_id" : 18,
			"target_node_id" : 19,
			"transformation" : 
			[
				0.99999807294707865,
				0.0011612695714177175,
				-0.0015828945358943938,
				0.0,
				-0.0011664728171800463,
				0.99999390687318679,
				-0.0032902215227508741,
				0.0,
				0.0015790640569796578,
				0.0032920615857684604,
				0.99999333442139482,
				0.0,
				-0.00066107019425402762,
				0.0058533621724514593,
				0.0020111141307210794,
				1.0
			],
			"uncertain" : false,
			"version_major" : 1,
			"version_minor" : 0
		},
		{
			"class_name" : "PoseGraphEdge",
			"confidence" : 1.0,
			"information" : 
			[
				567833.93129733461,
				7833.6149026962285,
				31041.301078843404,
				0.0,
				-354370.28127905726,
				-19570.52112779906,
				7833.6149026962285,
				593796.15657588327,
				51202.868007298785,
				354370.28127905726,
				0.0,
				18607.328302118869,
				31041.301078843404,
				51202.868007298785,
				90365.665428678753,
				19570.52112779906,
				-18607.328302118869,
				0.0,
				0.0,
				354370.28127905726,
				19570.52112779906,
				256101.0,
				0.0,
				0.0,
				-354370.28127905726,
				0.0,
				-18607.328302118869,
				0.0,
				256101.0,
				0.0,
				-19570.52112779906,
				18607.328302118869,
				0.0,
				0.0,
				0.0,
				256101.0
			],
			"source_node_id" : 19,
			"target_node_id" : 20,
			"transformation" : 
			[
				0.99999616489959464,
				0.0027480083912142439,
				-0.00034443574789590632,
				0.0,
				-0.0027493361169381651,
				0.99998855500209782,
				-0.0039154840993646549,
				0.0,
				0.00033367202266877585,
				0.0039164160527316531,
				0.99999227514430489,
				0.0,
				-0.0017362932604083874,
				0.0075391575912799602,
				0.0015635599057289399,
				1.0
			],
			"uncertain" : false,
			"version_major" : 1,
			"version_minor" : 0
		},
		{
			"class_name" : "PoseGraphEdge",
			"confidence" : 1.0,
			"information" : 
			[
				579385.7334365641,
				8242.53166265256,
				28756.847120638573,
				0.0,
				-358854.97459617257,
				-19318.740325012477,
				8242.53166265256,
				606049.22032701632,
				51376.443597155419,
				358854.97459617257,
				0.0,
				17480.594152643229,
				28756.847120638573,
				51376.443597155419,
				92051.897421554429,
				19318.740325012477,
				-17480.594152643229,
				0.0,
				0.0,
				358854.97459617257,
				19318.740325012477,
				256621.0,
				0.0,
				0.0,
				-358854.97459617257,
				0.0,
				-17480.594152643229,
				0.0,
				256621.0,
				0.0,
				-19318.740325012477,
				17480.594152643229,
				0.0,
				0.0,
				0.0,
				256621.0
			],
			"source_node_id" : 20,
			"target_node_id" : 21,
			"transformation" : 
			[
				0.99999050192986261,
				0.0043521664635934459,
				-0.00023387418521769144,
				0.0,
				-0.0043534038469374972,
				0.99997495503461231,
				-0.0055800697550673923,
				0.0,
				0.00020958293539430261,
				0.00558103490395112,
				0.99998440394057819,
				0.0,
				-0.00077812676502125725,
				0.0061219642698306731,
				0.0018678672356257627,
				1.0
			],
			"uncertain" : false,
			"version_major" : 1,
			"version_minor" : 0
		},
		{
			"class_name" : "PoseGraphEdge",
			"confidence" : 1.0,
			"information" : 
			[
				591519.84908396541,
				8597.5381892508321,
				26852.77660824142,
				0.0,
				-363399.15707582235,
				-19342.89408686955,
				8597.5381892508321,
				618695.71398763836,
				51963.166464781854,
				363399.15707582235,
				0.0,
				16721.111174815684,
				26852.77660824142,
				51963.166464781854,
				94071.693601891384,
				19342.89408686955,
				-16721.111174815684,
				0.0,
				0.0,
				363399.15707582235,
				19342.89408686955,
				257005.0,
				0.0,
				0.0,
				-363399.15707582235,
				0.0,
				-16721.111174815684,
				0.0,
				257005.0,
				0.0,
				-19342.89408686955,
				16721.111174815684,
				0.0,
				0.0,
				0.0,
				257005.0
			],
			"source_node_id" : 21,
			"target_node_id" : 22,
			"transformation" : 
			[
				0.99999476080103067,
				0.0031315865864413729,
				0.0008194729653516181,
				0.0,
				-0.0031274479803195016,
				0.99998259041849158,
				-0.0050037914678713125,
				0.0,
				-0.00083512850491237046,
				0.0050012023929417934,
				0.99998714518487941,
				0.0,
				-6.410665292082602e-05,
				0.0062286882060478416,
				0.0012654196872536969,
				1.0
			],
			"uncertain" : false,
			"version_major" : 1,
			"version_minor" : 0
		},
		{
			"class_name" : "PoseGraphEdge",
			"confidence" : 1.0,
			"information" : 
			[
				598521.07729120541,
				8555.674087774034,
				24522.714329375383,
				0.0,
				-364095.95853513479,
				-17000.466911328142,
				8555.674087774034,
				627462.26515240944,
				48062.554068001882,
				364095.95853513479,
				0.0,
				15894.544785112783,
				24522.714329375383,
				48062.554068001882,
				93872.728259285315,
				17000.466911328142,
				-15894.544785112783,
				0.0,
				0.0,
				364095.95853513479,
				17000.466911328142,
				252390.0,
				0.0,
				0.0,
				-364095.95853513479,
				0.0,
				-15894.544785112783,
				0.0,
				252390.0,
				0.0,
				-17000.466911328142,
				15894.544785112783,
				0.0,
				0.0,
				0.0,
				252390.0
			],
			"source_node_id" : 22,
			"target_node_id" : 23,
			"transformation" : 
			[
				0.99994955360363968,
				0.0099578255408759933,
				0.0013160388969468962,
				0.0,
				-0.0099437219022817519,
				0.99989729657310999,
				-0.010320789723401723,
				0.0,
				-0.0014186763587519633,
				0.010307182751948774,
				0.99994587320569894,
				0.0,
				-0.0015538768591110274,
				0.012883762904194136,
				0.0022762881805437245,
				1.0
			],
			"uncertain" : false,
			"version_major" : 1,
			"version_minor" : 0
		},
		{
			"class_name" : "PoseGraphEdge",
			"confidence" : 1.0,
			"information" : 
			[
				625781.42270488921,
				9499.8015472349362,
				20371.337834572099,
				0.0,
				-376921.42281621695,
				-18922.754556343774,
				9499.8015472349362,
				654805.82443445944,
				52315.923286366524,
				376921.42281621695,
				0.0,
				13850.842575018178,
				20371.337834572099,
				52315.923286366524,
				99673.292306872783,
				18922.754556343774,
				-13850.842575018178,
				0.0,
				0.0,
				376921.42281621695,
				18922.754556343774,
				258636.0,
				0.0,
				0.0,
				-376921.42281621695,
				0.0,
				-13850.842575018178,
				0.0,
				258636.0,
				0.0,
				-18922.754556343774,
				13850.842575018178,
				0.0,
				0.0,
				0.0,
				258636.0
			],
			"source_node_id" : 23,
			"target_node_id" : 24,
			"transformation" : 
			[
				0.99999848597669916,
				0.0017324677880823105,
				-0.00016309406060146175,
				0.0,
				-0.0017328600831634506,
				0.99999552976381134,
				-0.0024367290220914254,
				0.0,
				0.00015887177699343296,
				0.0024370079520143273,
				0.99999701787155348,
				0.0,
				0.00072561076142020902,
				0.0073146233384539404,
				0.00094874021629181519,
				1.0
			],
			"uncertain" : false,
			"version_major" : 1,
			"version_minor" : 0
		},
		{
			"class_name" : "PoseGraphEdge",
			"confidence" : 1.0,
			"information" : 
			[
				634505.15904606273,
				9557.113010072082,
				18581.091371257895,
				0.0,
				-380435.50449165702,
				-18442.866276549757,
				9557.113010072082,
				664077.00392971607,
				51631.608924163935,
				380435.50449165702,
				0.0,
				12997.491304525989,
				18581.091371257895,
				51631.608924163935,
				100994.81809638751,
				18442.866276549757,
				-12997.491304525989,
				0.0,
				0.0,
				380435.50449165702,
				18442.866276549757,
				258967.0,
				0.0,
				0.0,
				-380435.50449165702,
				0.0,
				-12997.491304525989,
				0.0,
				258967.0,
				0.0,
				-18442.866276549757,
				12997.491304525989,
				0.0,
				0.0,
				0.0,
				258967.0
			],
			"source_node_id" : 24,
			"target_node_id" : 25,
			"transformation" : 
			[
				0.99999311576911665,
				0.0036726385853793112,
				-0.00052928271821345134,
				0.0,
				-0.0036741249317850397,
				0.999989231271736,
				-0.002835162526016614,
				0.0,
				0.00051886449122281368,
				0.0028370876589341463,
				0.99999584084797855,
				0.0,
				-0.00013040876179751175,
				0.0074602256851454864,
				0.00071586856305916997,
				1.0
			],
			"uncertain" : false,
			"version_major" : 1,
			"version_minor" : 0
		},
		{
			"class_name" : "PoseGraphEdge",
			"confidence" : 1.0,
			"information" : 
			[
				643346.11029078357,
				9472.5619284445365,
				17290.643359679401,
				0.0,
				-383955.20939192176,
				-18484.225498779793,
				9472.5619284445365,
				673309.09898925771,
				51762.094789800547,
				383955.20939192176,
				0.0,
				12632.440417762264,
				17290.643359679401,
				51762.094789800547,
				102423.1209681271,
				18484.225498779793,
				-12632.440417762264,
				0.0,
				0.0,
				383955.20939192176,
				18484.225498779793,
				259312.0,
				0.0,
				0.0,
				-383955.20939192176,
				0.0,
				-12632.440417762264,
				0.0,
				259312.0,
				0.0,
				-18484.225498779793,
				12632.440417762264,
				0.0,
				0.0,
				0.0,
				259312.0
			],
			"source_node_id" : 25,
			"target_node_id" : 26,
			"transformation" : 
			[
				0.99997455946789326,
				0.0070935825274479301,
				0.00074933565158043041,
				0.0,
				-0.0070918498012199167,
				0.99997222985302636,
				-0.0022902377961116663,
				0.0,
				-0.00076556083323345162,
				0.0022848653553517754,
				0.99999709664924441,
				0.0,
				-0.00075082774589189136,
				0.006552119728726582,
				0.0011211712666037061,
				1.0
			],
			"uncertain" : false,
			"version_major" : 1,
			"version_minor" : 0
		},
		{
			"class_name" : "PoseGraphEdge",
			"confidence" : 1.0,
			"information" : 
			[
				650873.25537884352,
				9595.9644287770552,
				15832.723976193925,
				0.0,
				-386773.17862087488,
				-18413.619826521724,
				9595.9644287770552,
				681063.49313417915,
				51774.270930196486,
				386773.17862087488,
				0.0,
				12066.16835278389,
				15832.723976193925,
				51774.270930196486,
				103717.92858557981,
				18413.619826521724,
				-12066.16835278389,
				0.0,
				0.0,
				386773.17862087488,
				18413.619826521724,
				259472.0,
				0.0,
				0.0,
				-386773.17862087488,
				0.0,
				-12066.16835278389,
				0.0,
				259472.0,
				0.0,
				-18413.619826521724,
				12066.16835278389,
				0.0,
				0.0,
				0.0,
				259472.0
			],
			"source_node_id" : 26,
			"target_node_id" : 27,
			"transformation" : 
			[
				0.99999085459898185,
				0.0035278070202142083,
				0.0024177047021345598,
				0.0,
				-0.0035252002129834556,
				0.99999320149650783,
				-0.0010816303536631642,
				0.0,
				-0.0024215040485156313,
				0.0010730975685889301,
				0.9999964923837239,
				0.0,
				0.00033402313839784578,
				0.0069300885038036941,
				0.00084250730510818713,
				1.0
			],
			"uncertain" : false,
			"version_major" : 1,
			"version_minor" : 0
		},
		{
			"class_name" : "PoseGraphEdge",
			"confidence" : 1.0,
			"information" : 
			[
				655094.74042010924,
				9785.5767232654543,
				13631.464375184141,
				0.0,
				-387475.4444309473,
				-17154.381229622872,
				9785.5767232654543,
				686048.43450678058,
				49577.031560041672,
				387475.4444309473,
				0.0,
				10894.563087303657,
				13631.464375184141,
				49577.031560041672,
				104265.96027571359,
				17154.381229622872,
				-10894.563087303657,
				0.0,
				0.0,
				387475.4444309473,
				17154.381229622872,
				257613.0,
				0.0,
				0.0,
				-387475.4444309473,
				0.0,
				-10894.563087303657,
				0.0,
				257613.0,
				0.0,
				-17154.381229622872,
				10894.563087303657,
				0.0,
				0.0,
				0.0,
				257613.0
			],
			"source_node_id" : 27,
			"target_node_id" : 28,
			"transformation" : 
			[
				0.99999572644566104,
				-0.002177573435312565,
				0.0019507086784852372,
				0.0,
				0.002181433274456082,
				0.99999566294317177,
				-0.0019787480171632927,
				0.0,
				-0.0019463913490334903,
				0.0019829949016961362,
				0.99999613963851752,
				0.0,
				0.0042973574863300716,
				0.01148873573328338,
				0.00093575161445565288,
				1.0
			],
			"uncertain" : false,
			"version_major" : 1,
			"version_minor" : 0
		},
		{
			"class_name" : "PoseGraphEdge",
			"confidence" : 1.0,
			"information" : 
			[
				668479.95290002436,
				9947.1343769852956,
				12175.517161061616,
				0.0,
				-393969.82186567783,
				-16925.785120980931,
				9947.1343769852956,
				699757.84496152459,
				49539.786316238737,
				393969.82186567783,
				0.0,
				10211.052839653334,
				12175.517161061616,
				49539.786316238737,
				106310.88707780473,
				16925.785120980931,
				-10211.052839653334,
				0.0,
				0.0,
				393969.82186567783,
				16925.785120980931,
				260595.0,
				0.0,
				0.0,
				-393969.82186567783,
				0.0,
				-10211.052839653334,
				0.0,
				260595.0,
				0.0,
				-16925.785120980931,
				10211.052839653334,
				0.0,
				0.0,
				0.0,
				260595.0
			],
			"source_node_id" : 28,
			"target_node_id" : 29,
			"transformation" : 
			[
				0.99999814360563133,
				0.0019262102325448632,
				-4.9994309005492319e-05,
				0.0,
				-0.0019263132923808951,
				0.9999958323765139,
				-0.0021504759247044231,
				0.0,
				4.585183191702607e-05,
				0.0021505682372750068,
				0.99999768647425702,
				0.0,
				0.00114995782127643,
				0.007657218726165772,
				0.0015144094876692129,
				1.0
			],
			"uncertain" : false,
			"version_major" : 1,
			"version_minor" : 0
		},
		{
			"class_name" : "PoseGraphEdge",
			"confidence" : 1.0,
			"information" : 
			[
				678027.51772858354,
				9990.2758521735286,
				10364.827800345671,
				0.0,
				-397805.38222289085,
				-16534.673842215561,
				9990.2758521735286,
				709760.124270509,
				48937.488737586333,
				397805.38222289085,
				0.0,
				9373.3931539377663,
				10364.827800345671,
				48937.488737586333,
				107898.67742435212,
				16534.673842215561,
				-9373.3931539377663,
				0.0,
				0.0,
				397805.38222289085,
				16534.673842215561,
				261253.0,
				0.0,
				0.0,
				-397805.38222289085,
				0.0,
				-9373.3931539377663,
				0.0,
				261253.0,
				0.0,
				-16534.673842215561,
				9373.3931539377663,
				0.0,
				0.0,
				0.0,
				261253.0
			],
			"source_node_id" : 29,
			"target_node_id" : 30,
			"transformation" : 
			[
				0.99999674222539658,
				0.0024102869633884972,
				0.00084027099772637575,
				0.0,
				-0.0024084843712618379,
				0.99999481042438954,
				-0.0021397026248730091,
				0.0,
				-0.00084542393441875568,
				0.0021376718746384886,
				0.99999735780517274,
				0.0,
				0.0027577006458864984,
				0.0067889034886669678,
				0.0019943103906161601,
				1.0
			],
			"uncertain" : false,
			"version_major" : 1,
			"version_minor" : 0
		},
		{
			"class_name" : "PoseGraphEdge",
			"confidence" : 1.0,
			"information" : 
			[
				686834.19603560457,
				10111.412645440603,
				9176.5325556682183,
				0.0,
				-401270.87403231859,
				-16178.240487864474,
				10111.412645440603,
				718610.03059790086,
				48295.031336593682,
				401270.87403231859,
				0.0,
				8919.5279004807817,
				9176.5325556682183,
				48295.031336593682,
				109200.9403638918,
				16178.240487864474,
				-8919.5279004807817,
				0.0,
				0.0,
				401270.87403231859,
				16178.240487864474,
				261663.0,
				0.0,
				0.0,
				-401270.87403231859,
				0.0,
				-8919.5279004807817,
				0.0,
				261663.0,
				0.0,
				-16178.240487864474,
				8919.5279004807817,
				0.0,
				0.0,
				0.0,
				261663.0
			],
			"source_node_id" : 30,
			"target_node_id" : 31,
			"transformation" : 
			[
				0.99999993830717826,
				9.1906939987419333e-05,
				-0.00033902618530353427,
				0.0,
				-9.2268079079950113e-05,
				0.99999942824399357,
				-0.0010653629845113722,
				0.0,
				0.00033892807721139212,
				0.0010653942000809992,
				0.99999937503128367,
				0.0,
				0.00084521988837483607,
				0.0069620987207872033,
				0.0011232405301845839,
				1.0
			],
			"uncertain" : false,
			"version_major" : 1,
			"version_minor" : 0
		},
		{
			"class_name" : "PoseGraphEdge",
			"confidence" : 1.0,
			"information" : 
			[
				694865.31634978845,
				10064.378749517871,
				7766.6858726784794,
				0.0,
				-404386.36085057259,
				-15856.857202337356,
				10064.378749517871,
				727192.49948298244,
				47655.47578547887,
				404386.36085057259,
				0.0,
				8258.5628733669873,
				7766.6858726784794,
				47655.47578547887,
				110658.40610965266,
				15856.857202337356,
				-8258.5628733669873,
				0.0,
				0.0,
				404386.36085057259,
				15856.857202337356,
				262036.0,
				0.0,
				0.0,
				-404386.36085057259,
				0.0,
