{
	"class_name" : "PoseGraph",
	"edges" : 
	[
		{
			"class_name" : "PoseGraphEdge",
			"confidence" : 1.0,
			"information" : 
			[
				690615.25465481449,
				-1431.15143122466,
				-12852.060224954088,
				0.0,
				-373959.19364780188,
				-36092.628605386941,
				-1431.15143122466,
				713757.2311351581,
				108923.55468623801,
				373959.19364780188,
				0.0,
				-715.54168662877055,
				-12852.060224954088,
				108923.55468623801,
				108892.26424877715,
				36092.628605386941,
				715.54168662877055,
				0.0,
				0.0,
				373959.19364780188,
				36092.628605386941,
				258608.0,
				0.0,
				0.0,
				-373959.19364780188,
				0.0,
				715.54168662877055,
				0.0,
				258608.0,
				0.0,
				-36092.628605386941,
				-715.54168662877055,
				0.0,
				0.0,
				0.0,
				258608.0
			],
			"source_node_id" : 0,
			"target_node_id" : 1,
			"transformation" : 
			[
				0.9999905429962026,
				0.0040654757767021868,
				-0.0015446115591848601,
				0.0,
				-0.0040653881555199013,
				0.99999173448365286,
				5.9862504892340939e-05,
				0.0,
				0.0015448421617363405,
				-5.3582493234815448e-05,
				0.99999880529509155,
				0.0,
				-0.0088466625892955619,
				-0.0011885729174720698,
				0.0013286959922738726,
				1.0
			],
			"uncertain" : false,
			"version_major" : 1,
			"version_minor" : 0
		},
		{
			"class_name" : "PoseGraphEdge",
			"confidence" : 1.0,
			"information" : 
			[
				690643.45862690359,
				-1717.2555687822098,
				-12907.195942708757,
				0.0,
				-373970.10842573643,
				-36067.205684287706,
				-1717.2555687822098,
				714217.49153317616,
				108724.38924881892,
				373970.10842573643,
				0.0,
				-664.81714127690066,
				-12907.195942708757,
				108724.38924881892,
				109411.56224063574,
				36067.205684287706,
				664.81714127690066,
				0.0,
				0.0,
				373970.10842573643,
				36067.205684287706,
				258595.0,
				0.0,
				0.0,
				-373970.10842573643,
				0.0,
				664.81714127690066,
				0.0,
				258595.0,
				0.0,
				-36067.205684287706,
				-664.81714127690066,
				0.0,
				0.0,
				0.0,
				258595.0
			],
			"source_node_id" : 1,
			"target_node_id" : 2,
			"transformation" : 
			[
				0.99999981527444148,
				0.00015143511161483687,
				0.0005886582107905296,
				0.0,
				-0.00015324461077031147,
				0.99999526009665829,
				0.003075109803767333,
				0.0,
				-0.00058818974101114733,
				-0.0030751994444143463,
				0.99999509857859092,
				0.0,
				-0.0064313447346791234,
				0.0018504144117397244,
				0.0010050274529472144,
				1.0
			],
			"uncertain" : false,
			"version_major" : 1,
			"version_minor" : 0
		},
		{
			"class_name" : "PoseGraphEdge",
			"confidence" : 1.0,
			"information" : 
			[
				691768.72970621579,
				-1858.2090902601142,
				-13131.743719116006,
				0.0,
				-374428.18779915571,
				-35809.916283366736,
				-1858.2090902601142,
				715607.77964940795,
				108281.75149301725,
				374428.18779915571,
				0.0,
				-768.71641876280773,
				-13131.743719116006,
				108281.75149301725,
				109713.35922716955,
				35809.916283366736,
				768.71641876280773,
				0.0,
				0.0,
				374428.18779915571,
				35809.916283366736,
				258660.0,
				0.0,
				0.0,
				-374428.18779915571,
				0.0,
				768.71641876280773,
				0.0,
				258660.0,
				0.0,
				-35809.916283366736,
				-768.71641876280773,
				0.0,
				0.0,
				0.0,
				258660.0
			],
			"source_node_id" : 2,
			"target_node_id" : 3,
			"transformation" : 
			[
				0.99999524288999886,
				-0.0029371755454785735,
				0.0009419114540395936,
				0.0,
				0.0029366306111826379,
				0.99999552023637628,
				0.00057940299619406443,
				0.0,
				-0.00094360904281032363,
				-0.00057663419390132048,
				0.99999938854730386,
				0.0,
				-0.0062310658330546973,
				0.00056988654974226031,
				4.6921570463858687e-05,
				1.0
			],
			"uncertain" : false,
			"version_major" : 1,
			"version_minor" : 0
		},
		{
			"class_name" : "PoseGraphEdge",
			"confidence" : 1.0,
			"information" : 
			[
				692922.87058954441,
				-1357.2272501908112,
				-15452.36705043101,
				0.0,
				-374861.96700513363,
				-35563.787032257416,
				-1357.2272501908112,
				717091.68550746422,
				107667.14617863874,
				374861.96700513363,
				0.0,
				-1680.5677065557684,
				-15452.36705043101,
				107667.14617863874,
				109945.55805114425,
				35563.787032257416,
				1680.5677065557684,
				0.0,
				0.0,
				374861.96700513363,
				35563.787032257416,
				258404.0,
				0.0,
				0.0,
				-374861.96700513363,
				0.0,
				1680.5677065557684,
				0.0,
				258404.0,
				0.0,
				-35563.787032257416,
				-1680.5677065557684,
				0.0,
				0.0,
				0.0,
				258404.0
			],
			"source_node_id" : 3,
			"target_node_id" : 4,
			"transformation" : 
			[
				0.99999839978034943,
				0.0017564499020308417,
				-0.00033958869526091995,
				0.0,
				-0.0017560569603751245,
				0.99999779231000185,
				0.0011539666695575871,
				0.0,
				0.00034161483019804352,
				-0.0011533684858654717,
				0.99999927651995979,
				0.0,
				-0.0081193140952656728,
				0.0015325100822266937,
				0.00044227384642826122,
				1.0
			],
			"uncertain" : false,
			"version_major" : 1,
			"version_minor" : 0
		},
		{
			"class_name" : "PoseGraphEdge",
			"confidence" : 1.0,
			"information" : 
			[
				695343.72450996772,
				-1984.2488828620797,
				-15133.778912511756,
				0.0,
				-375634.34597593546,
				-35193.668073845329,
				-1984.2488828620797,
				719983.75137011916,
				106853.86035930387,
				375634.34597593546,
				0.0,
				-1407.7304944503703,
				-15133.778912511756,
				106853.86035930387,
				110421.46822978428,
				35193.668073845329,
				1407.7304944503703,
				0.0,
				0.0,
				375634.34597593546,
				35193.668073845329,
				258080.0,
				0.0,
				0.0,
				-375634.34597593546,
				0.0,
				1407.7304944503703,
				0.0,
				258080.0,
				0.0,
				-35193.668073845329,
				-1407.7304944503703,
				0.0,
				0.0,
				0.0,
				258080.0
			],
			"source_node_id" : 4,
			"target_node_id" : 5,
			"transformation" : 
			[
				0.99999443780989683,
				0.0014766902923531791,
				0.0029906078060123985,
				0.0,
				-0.0014799848592009679,
				0.99999830012382573,
				0.0010997246361347337,
				0.0,
				-0.0029889787696550044,
				-0.0011041445735299517,
				0.99999492342245211,
				0.0,
				-0.0047723495185583659,
				0.0021192287413562454,
				0.00066196173107178988,
				1.0
			],
			"uncertain" : false,
			"version_major" : 1,
			"version_minor" : 0
		},
		{
			"class_name" : "PoseGraphEdge",
			"confidence" : 1.0,
			"information" : 
			[
				697620.70109518664,
				-1830.2396008808935,
				-17250.275991485734,
				0.0,
				-376715.02764523029,
				-34941.774328076746,
				-1830.2396008808935,
				723041.27354885463,
				106125.09047809806,
				376715.02764523029,
				0.0,
				-2308.473398060014,
				-17250.275991485734,
				106125.09047809806,
				111294.36062484853,
				34941.774328076746,
				2308.473398060014,
				0.0,
				0.0,
				376715.02764523029,
				34941.774328076746,
				258099.0,
				0.0,
				0.0,
				-376715.02764523029,
				0.0,
				2308.473398060014,
				0.0,
				258099.0,
				0.0,
				-34941.774328076746,
				-2308.473398060014,
				0.0,
				0.0,
				0.0,
				258099.0
			],
			"source_node_id" : 5,
			"target_node_id" : 6,
			"transformation" : 
			[
				0.99999743987694611,
				-0.0011516755106903477,
				0.001947789278078773,
				0.0,
				0.0011474228855777131,
				0.99999695892052387,
				0.0021830186496611648,
				0.0,
				-0.0019502974838149693,
				-0.0021807781228708402,
				0.999995720264094,
				0.0,
				-0.0047590393455642097,
				0.0028985201694230649,
				0.00017540817074610372,
				1.0
			],
			"uncertain" : false,
			"version_major" : 1,
			"version_minor" : 0
		},
		{
			"class_name" : "PoseGraphEdge",
			"confidence" : 1.0,
			"information" : 
			[
				697804.07120476139,
				-1940.7649556804433,
				-18346.822550546225,
				0.0,
				-376428.67761582136,
				-34556.572972843773,
				-1940.7649556804433,
				723653.60416276823,
				104938.76590727534,
				376428.67761582136,
				0.0,
				-2754.6548336617998,
				-18346.822550546225,
				104938.76590727534,
				111513.52082707101,
				34556.572972843773,
				2754.6548336617998,
				0.0,
				0.0,
				376428.67761582136,
				34556.572972843773,
				256726.0,
				0.0,
				0.0,
				-376428.67761582136,
				0.0,
				2754.6548336617998,
				0.0,
				256726.0,
				0.0,
				-34556.572972843773,
				-2754.6548336617998,
				0.0,
				0.0,
				0.0,
				256726.0
			],
			"source_node_id" : 6,
			"target_node_id" : 7,
			"transformation" : 
			[
				0.99999768194949168,
				-0.0011911981908249393,
				0.0017936394599285623,
				0.0,
				0.0011854277838005813,
				0.99999412994683623,
				0.0032147834823819696,
				0.0,
				-0.0017974583754376877,
				-0.0032126498003015591,
				0.99999322398936785,
				0.0,
				-0.0054044295539037975,
				0.0056197333589912317,
				-0.00050480428996167238,
				1.0
			],
			"uncertain" : false,
			"version_major" : 1,
			"version_minor" : 0
		},
		{
			"class_name" : "PoseGraphEdge",
			"confidence" : 1.0,
			"information" : 
			[
				685179.71643171913,
				-3006.5780562346877,
				-14962.644637125251,
				0.0,
				-369365.73681646585,
				-33384.4406639355,
				-3006.5780562346877,
				709879.39145375416,
				101672.94876738513,
				369365.73681646585,
				0.0,
				-1046.5562390299165,
				-14962.644637125251,
				101672.94876738513,
				108585.56945066786,
				33384.4406639355,
				1046.5562390299165,
				0.0,
				0.0,
				369365.73681646585,
				33384.4406639355,
				250967.0,
				0.0,
				0.0,
				-369365.73681646585,
				0.0,
				1046.5562390299165,
				0.0,
				250967.0,
				0.0,
				-33384.4406639355,
				-1046.5562390299165,
				0.0,
				0.0,
				0.0,
				250967.0
			],
			"source_node_id" : 7,
			"target_node_id" : 8,
			"transformation" : 
			[
				0.99995336833454396,
				-0.00074871192645595253,
				0.0096281143974226262,
				0.0,
				0.00071331706248641089,
				0.99999297764814665,
				0.0036791076581997031,
				0.0,
				-0.0096308013771980502,
				-0.0036720681970029583,
				0.99994688037914781,
				0.0,
				-0.0042684436387929233,
				0.0074056252358305199,
				-0.0042870347247683507,
				1.0
			],
			"uncertain" : false,
			"version_major" : 1,
			"version_minor" : 0
		},
		{
			"class_name" : "PoseGraphEdge",
			"confidence" : 1.0,
			"information" : 
			[
				677786.63384502078,
				-3066.9467065625968,
				-15217.245098979078,
				0.0,
				-364609.08122730255,
				-33182.568903870066,
				-3066.9467065625968,
				702985.26235926396,
				99039.794907386226,
				364609.08122730255,
				0.0,
				-957.9377770505962,
				-15217.245098979078,
				99039.794907386226,
				107908.51024540176,
				33182.568903870066,
				957.9377770505962,
				0.0,
				0.0,
				364609.08122730255,
				33182.568903870066,
				243981.0,
				0.0,
				0.0,
				-364609.08122730255,
				0.0,
				957.9377770505962,
				0.0,
				243981.0,
				0.0,
				-33182.568903870066,
				-957.9377770505962,
				0.0,
				0.0,
				0.0,
				243981.0
			],
			"source_node_id" : 8,
			"target_node_id" : 9,
			"transformation" : 
			[
				0.9999113988088556,
				-0.010714072239797682,
				0.0078995688590378591,
				0.0,
				0.010584787144068799,
				0.99981225419853537,
				0.01623017669522028,
				0.0,
				-0.0080719770337284689,
				-0.01614512342732978,
				0.99983707581599701,
				0.0,
				-0.014646166286134491,
				0.025993703698500261,
				-0.0064588029414399126,
				1.0
			],
			"uncertain" : false,
			"version_major" : 1,
			"version_minor" : 0
		},
		{
			"class_name" : "PoseGraphEdge",
			"confidence" : 1.0,
			"information" : 
			[
				703904.82037970808,
				-3433.569171845601,
				-20153.26955096078,
				0.0,
				-379376.08741557598,
				-31703.772770608659,
				-3433.569171845601,
				732686.15732275916,
				97077.336945556148,
				379376.08741557598,
				0.0,
				-2878.3131147185341,
				-20153.26955096078,
				97077.336945556148,
				113819.66272261387,
				31703.772770608659,
				2878.3131147185341,
				0.0,
				0.0,
				379376.08741557598,
				31703.772770608659,
				252126.0,
				0.0,
				0.0,
				-379376.08741557598,
				0.0,
				2878.3131147185341,
				0.0,
				252126.0,
				0.0,
				-31703.772770608659,
				-2878.3131147185341,
				0.0,
				0.0,
				0.0,
				252126.0
			],
			"source_node_id" : 9,
			"target_node_id" : 10,
			"transformation" : 
			[
				0.99997947291721789,
				0.0030946127891920226,
				0.0056104470309530051,
				0.0,
				-0.0031336261261122175,
				0.99997088086026675,
				0.0069582913739579628,
				0.0,
				-0.0055887504420851645,
				-0.0069757295839302774,
				0.99996005173470193,
				0.0,
				0.0083060122371786029,
				0.018770578792160247,
				0.0021284517099349736,
				1.0
			],
			"uncertain" : false,
			"version_major" : 1,
			"version_minor" : 0
		},
		{
			"class_name" : "PoseGraphEdge",
			"confidence" : 1.0,
			"information" : 
			[
				725598.84497138462,
				-3526.6557863404278,
				-22117.784710433476,
				0.0,
				-389953.10807800293,
				-31933.616326834541,
				-3526.6557863404278,
				756390.25195032521,
				97991.150285160125,
				389953.10807800293,
				0.0,
				-3388.8678809099365,
				-22117.784710433476,
				97991.150285160125,
				118461.34415233896,
				31933.616326834541,
				3388.8678809099365,
				0.0,
				0.0,
				389953.10807800293,
				31933.616326834541,
				257166.0,
				0.0,
				0.0,
				-389953.10807800293,
				0.0,
				3388.8678809099365,
				0.0,
				257166.0,
				0.0,
				-31933.616326834541,
				-3388.8678809099365,
				0.0,
				0.0,
				0.0,
				257166.0
			],
			"source_node_id" : 10,
			"target_node_id" : 11,
			"transformation" : 
			[
				0.99998643732791903,
				-0.0038696362199235421,
				-0.0034858393166957917,
				0.0,
				0.0038820553428122375,
				0.99998611709084151,
				0.003563042505635119,
				0.0,
				0.0034720032447722827,
				-0.0035765264024015695,
				0.9999875767490124,
				0.0,
				-0.0074335857899915326,
				0.0096433550404813485,
				9.0968798338904831e-05,
				1.0
			],
			"uncertain" : false,
			"version_major" : 1,
			"version_minor" : 0
		},
		{
			"class_name" : "PoseGraphEdge",
			"confidence" : 1.0,
			"information" : 
			[
				725075.43281089142,
				-3817.8142922561055,
				-22996.629072433836,
				0.0,
				-388667.15010607243,
				-30883.830909638433,
				-3817.8142922561055,
				755450.12715781922,
				95245.328763089565,
				388667.15010607243,
				0.0,
				-3933.2949341982021,
				-22996.629072433836,
				95245.328763089565,
				117514.96627362938,
				30883.830909638433,
				3933.2949341982021,
				0.0,
				0.0,
				388667.15010607243,
				30883.830909638433,
				253948.0,
				0.0,
				0.0,
				-388667.15010607243,
				0.0,
				3933.2949341982021,
				0.0,
				253948.0,
				0.0,
				-30883.830909638433,
				-3933.2949341982021,
				0.0,
				0.0,
				0.0,
				253948.0
			],
			"source_node_id" : 11,
			"target_node_id" : 12,
			"transformation" : 
			[
				0.99998040386486087,
				0.0008017036968282357,
				0.0062087967797895046,
				0.0,
				-0.00083351084469113115,
				0.99998653497168244,
				0.0051220245021130631,
				0.0,
				-0.0062046068321864531,
				-0.0051270992296771683,
				0.99996760732913093,
				0.0,
				0.003841867963142679,
				0.015563488038803053,
				-0.0014106948054761739,
				1.0
			],
			"uncertain" : false,
			"version_major" : 1,
			"version_minor" : 0
		},
		{
			"class_name" : "PoseGraphEdge",
			"confidence" : 1.0,
			"information" : 
			[
				733913.35502907773,
				-4152.3142436943335,
				-25116.029588700814,
				0.0,
				-393005.35006397963,
				-28908.894883514382,
				-4152.3142436943335,
				766269.88262615842,
				91390.25344079973,
				393005.35006397963,
				0.0,
				-4703.6653150187922,
				-25116.029588700814,
				91390.25344079973,
				118590.33516013889,
				28908.894883514382,
				4703.6653150187922,
				0.0,
				0.0,
				393005.35006397963,
				28908.894883514382,
				254804.0,
				0.0,
				0.0,
				-393005.35006397963,
				0.0,
				4703.6653150187922,
				0.0,
				254804.0,
				0.0,
				-28908.894883514382,
				-4703.6653150187922,
				0.0,
				0.0,
				0.0,
				254804.0
			],
			"source_node_id" : 12,
			"target_node_id" : 13,
			"transformation" : 
			[
				0.99998402507031681,
				0.0053781096611508874,
				-0.0017394081298250327,
				0.0,
				-0.0053792279001675155,
				0.99998532778345517,
				-0.00063884662815231119,
				0.0,
				0.0017359468216294302,
				0.00064819309536407735,
				0.9999982831656985,
				0.0,
				-0.0014597408690033109,
				0.010823906074000012,
				-0.00038833487712546129,
				1.0
			],
			"uncertain" : false,
			"version_major" : 1,
			"version_minor" : 0
		},
		{
			"class_name" : "PoseGraphEdge",
			"confidence" : 1.0,
			"information" : 
			[
				743835.38299172651,
				-4510.2454816125028,
				-23876.545463360289,
				0.0,
				-396315.99952673912,
				-28677.482601945987,
				-4510.2454816125028,
				776113.27561770275,
				91275.441342815189,
				396315.99952673912,
				0.0,
				-4071.2429692973383,
				-23876.545463360289,
				91275.441342815189,
				120251.95533751528,
				28677.482601945987,
				4071.2429692973383,
				0.0,
				0.0,
				396315.99952673912,
				28677.482601945987,
				254686.0,
				0.0,
				0.0,
				-396315.99952673912,
				0.0,
				4071.2429692973383,
				0.0,
				254686.0,
				0.0,
				-28677.482601945987,
				-4071.2429692973383,
				0.0,
				0.0,
				0.0,
				254686.0
			],
			"source_node_id" : 13,
			"target_node_id" : 14,
			"transformation" : 
			[
				0.99999495992678489,
				-0.0014673251402808176,
				0.0028155066969589577,
				0.0,
				0.0014692622148692002,
				0.99999868529620295,
				-0.00068605714888402198,
				0.0,
				-0.002814496326499388,
				0.00069019040871131569,
				0.99999580111499864,
				0.0,
				0.0027648634037585398,
				0.0087259082607665222,
				-0.001245506691675409,
				1.0
			],
			"uncertain" : false,
			"version_major" : 1,
			"version_minor" : 0
		},
		{
			"class_name" : "PoseGraphEdge",
			"confidence" : 1.0,
			"information" : 
			[
				757567.06571416324,
				-4372.0497743669475,
				-23629.12944377356,
				0.0,
				-401727.1943551302,
				-29880.524927296443,
				-4372.0497743669475,
				790510.83965852542,
				93934.560318325195,
				401727.1943551302,
				0.0,
				-4225.1673627202981,
				-23629.12944377356,
				93934.560318325195,
				123381.46347707044,
				29880.524927296443,
				4225.1673627202981,
				0.0,
				0.0,
				401727.1943551302,
				29880.524927296443,
				255945.0,
				0.0,
				0.0,
				-401727.1943551302,
				0.0,
				4225.1673627202981,
				0.0,
				255945.0,
				0.0,
				-29880.524927296443,
				-4225.1673627202981,
				0.0,
				0.0,
				0.0,
				255945.0
			],
			"source_node_id" : 14,
			"target_node_id" : 15,
			"transformation" : 
			[
				0.99999040501881775,
				-0.004303655656939658,
				0.00081756852073639407,
				0.0,
				0.0043014415857167802,
				0.99998712839925996,
				0.0026908430068051763,
				0.0,
				-0.00082913845904898523,
				-0.0026873004649828978,
				0.99999604546499388,
				0.0,
				0.0041066722357619165,
				0.010867625082305968,
				-0.00081648636316554923,
				1.0
			],
			"uncertain" : false,
			"version_major" : 1,
			"version_minor" : 0
		},
		{
			"class_name" : "PoseGraphEdge",
			"confidence" : 1.0,
			"information" : 
			[
				757149.83112888283,
				-4475.2180359733102,
				-21250.294180260309,
				0.0,
				-401771.30596399307,
				-29479.422564862762,
				-4475.2180359733102,
				789431.01133934979,
				93312.083515155537,
				401771.30596399307,
				0.0,
				-3438.6171600270318,
				-21250.294180260309,
				93312.083515155537,
				122379.54031986665,
				29479.422564862762,
				3438.6171600270318,
				0.0,
				0.0,
				401771.30596399307,
				29479.422564862762,
				255487.0,
				0.0,
				0.0,
				-401771.30596399307,
				0.0,
				3438.6171600270318,
				0.0,
				255487.0,
				0.0,
				-29479.422564862762,
				-3438.6171600270318,
				0.0,
				0.0,
				0.0,
				255487.0
			],
			"source_node_id" : 15,
			"target_node_id" : 16,
			"transformation" : 
			[
				0.99998508770441608,
				-0.0021154054639077307,
				-0.0050348215970827878,
				0.0,
				0.0021180881960612802,
				0.99999761768694073,
				0.00052756311284191235,
				0.0,
				0.0050336935926700785,
				-0.00053821944185888796,
				0.99998718604222503,
				0.0,
				0.00066835374284406957,
				0.0073477262833452619,
				-0.00096366759339192325,
				1.0
			],
			"uncertain" : false,
			"version_major" : 1,
			"version_minor" : 0
		},
		{
			"class_name" : "PoseGraphEdge",
			"confidence" : 1.0,
			"information" : 
			[
				765659.79106269486,
				-4836.3023429213727,
				-21422.431823348259,
				0.0,
				-406122.59275269508,
				-29405.012698284001,
				-4836.3023429213727,
				798555.70210802031,
				93214.2724732395,
				406122.59275269508,
				0.0,
				-3271.647010600951,
				-21422.431823348259,
				93214.2724732395,
				124636.79614584304,
				29405.012698284001,
				3271.647010600951,
				0.0,
				0.0,
				406122.59275269508,
				29405.012698284001,
				257524.0,
				0.0,
				0.0,
				-406122.59275269508,
				0.0,
				3271.647010600951,
				0.0,
				257524.0,
				0.0,
				-29405.012698284001,
				-3271.647010600951,
				0.0,
				0.0,
				0.0,
				257524.0
			],
			"source_node_id" : 16,
			"target_node_id" : 17,
			"transformation" : 
			[
				0.99999803495407036,
				0.0004192675850320557,
				-0.001937602304055219,
				0.0,
				-0.0004088458008915991,
				0.99998546578478287,
				0.0053759710102110579,
				0.0,
				0.0019398281129089808,
				-0.0053751682656153089,
				0.99998367218320527,
				0.0,
				-0.0020005269747575228,
				0.01025205733231337,
				0.001231687745119841,
				1.0
			],
			"uncertain" : false,
			"version_major" : 1,
			"version_minor" : 0
		},
		{
			"class_name" : "PoseGraphEdge",
			"confidence" : 1.0,
			"information" : 
			[
				762691.38844804838,
				-5327.3237311186931,
				-21561.896954849064,
				0.0,
				-402914.95864909887,
				-26669.987228276092,
				-5327.3237311186931,
				796824.7435424272,
				87047.78498442845,
				402914.95864909887,
				0.0,
				-3423.4219826268381,
				-21561.896954849064,
				87047.78498442845,
				122603.73220901887,
				26669.987228276092,
				3423.4219826268381,
				0.0,
				0.0,
				402914.95864909887,
				26669.987228276092,
				252368.0,
				0.0,
				0.0,
				-402914.95864909887,
				0.0,
				3423.4219826268381,
				0.0,
				252368.0,
				0.0,
				-26669.987228276092,
				-3423.4219826268381,
				0.0,
				0.0,
				0.0,
				252368.0
			],
			"source_node_id" : 17,
			"target_node_id" : 18,
			"transformation" : 
			[
				0.99999346321158789,
				0.0022978858959810085,
				0.0027916401099204605,
				0.0,
				-0.0022947531846843733,
				0.99999673439222958,
				-0.001124861190902884,
				0.0,
				-0.0027942157961843299,
				0.0011184477128905529,
				0.99999547070614203,
				0.0,
				0.0035551014707649684,
				0.015960829924386535,
				-0.00074884353398120172,
				1.0
			],
			"uncertain" : false,
			"version_major" : 1,
			"version_minor" : 0
		},
		{
			"class_name" : "PoseGraphEdge",
			"confidence" : 1.0,
			"information" : 
			[
				769284.09431771014,
				-5399.1071045224826,
				-22864.901940326192,
				0.0,
				-403561.84928923845,
				-23066.807468978455,
				-5399.1071045224826,
				804356.63629521104,
				80068.548152991192,
				403561.84928923845,
				0.0,
				-4614.5490723511321,
				-22864.901940326192,
				80068.548152991192,
				119379.42763880882,
				23066.807468978455,
				4614.5490723511321,
				0.0,
				0.0,
				403561.84928923845,
				23066.807468978455,
				248539.0,
				0.0,
				0.0,
				-403561.84928923845,
				0.0,
				4614.5490723511321,
				0.0,
				248539.0,
				0.0,
				-23066.807468978455,
				-4614.5490723511321,
				0.0,
				0.0,
				0.0,
				248539.0
			],
			"source_node_id" : 18,
			"target_node_id" : 19,
			"transformation" : 
			[
				0.99987181103128497,
				0.014881436254831383,
				-0.0059079911994499787,
				0.0,
				-0.014971651768224476,
				0.999767285376848,
				-0.015531411189561249,
				0.0,
				0.0056754866179393858,
				0.015617872620866067,
				0.99986192592099821,
				0.0,
				0.0086766772078813014,
				0.0090753626837003897,
				0.00040679223709404069,
				1.0
			],
			"uncertain" : false,
			"version_major" : 1,
			"version_minor" : 0
		},
		{
			"class_name" : "PoseGraphEdge",
			"confidence" : 1.0,
			"information" : 
			[
				813001.51437698852,
				-5123.9209482624246,
				-21331.766466583762,
				0.0,
				-421904.51134121418,
				-28419.126356166671,
				-5123.9209482624246,
				847234.55714201531,
				92867.79029510243,
				421904.51134121418,
				0.0,
				-3786.7376171458745,
				-21331.766466583762,
				92867.79029510243,
				130094.92463988085,
				28419.126356166671,
				3786.7376171458745,
				0.0,
				0.0,
				421904.51134121418,
				28419.126356166671,
				257787.0,
				0.0,
				0.0,
				-421904.51134121418,
				0.0,
				3786.7376171458745,
				0.0,
				257787.0,
				0.0,
				-28419.126356166671,
				-3786.7376171458745,
				0.0,
				0.0,
				0.0,
				257787.0
			],
			"source_node_id" : 19,
			"target_node_id" : 20,
			"transformation" : 
			[
				0.99999284238152641,
				-0.00078394169099207174,
				-0.0037014350108372251,
				0.0,
				0.00078604512842537155,
				0.99999953040375189,
				0.00056685565249698104,
				0.0,
				0.0037009888908784657,
				-0.00056976109011894227,
				0.99999298900218769,
				0.0,
				0.0016196278210971402,
				0.0054120568597592067,
				0.0003938545762236123,
				1.0
			],
			"uncertain" : false,
			"version_major" : 1,
			"version_minor" : 0
		},
		{
			"class_name" : "PoseGraphEdge",
			"confidence" : 1.0,
			"information" : 
			[
				803294.29569744156,
				-6662.7277306146461,
				-21857.579754209444,
				0.0,
				-414871.69962531328,
				-25149.072849283111,
				-6662.7277306146461,
				837382.75293022732,
				85016.498516483174,
				414871.69962531328,
				0.0,
				-4071.9398725422216,
				-21857.579754209444,
				85016.498516483174,
				125612.18095373108,
				25149.072849283111,
				4071.9398725422216,
				0.0,
				0.0,
				414871.69962531328,
				25149.072849283111,
				250215.0,
				0.0,
				0.0,
				-414871.69962531328,
				0.0,
				4071.9398725422216,
				0.0,
				250215.0,
				0.0,
				-25149.072849283111,
				-4071.9398725422216,
				0.0,
				0.0,
				0.0,
				250215.0
			],
			"source_node_id" : 20,
			"target_node_id" : 21,
			"transformation" : 
			[
				0.99962949253097666,
				0.027217367085957123,
				0.0003042879749401684,
				0.0,
				-0.027216090719748776,
				0.9996230353264175,
				-0.0036154737910413645,
				0.0,
				-0.00040257694648344905,
				0.0036058527018668243,
				0.99999341785738494,
				0.0,
				0.016526303511929633,
				0.018508193668706117,
				-0.00052964561479026256,
				1.0
			],
			"uncertain" : false,
			"version_major" : 1,
			"version_minor" : 0
		},
		{
			"class_name" : "PoseGraphEdge",
			"confidence" : 1.0,
			"information" : 
			[
				834621.39928449877,
				-5828.865527910013,
				-22097.832314923809,
				0.0,
				-429258.88475131989,
				-27642.018925520126,
				-5828.865527910013,
				869488.84398382762,
				91333.280248340292,
				429258.88475131989,
				0.0,
				-3882.8750880128937,
				-22097.832314923809,
				91333.280248340292,
				132669.49355577023,
				27642.018925520126,
				3882.8750880128937,
				0.0,
				0.0,
				429258.88475131989,
				27642.018925520126,
				257799.0,
				0.0,
				0.0,
				-429258.88475131989,
				0.0,
				3882.8750880128937,
				0.0,
				257799.0,
				0.0,
				-27642.018925520126,
				-3882.8750880128937,
				0.0,
				0.0,
				0.0,
				257799.0
			],
			"source_node_id" : 21,
			"target_node_id" : 22,
			"transformation" : 
			[
				0.99999312825891151,
				0.0034530707741537354,
				-0.001348976347297796,
				0.0,
				-0.0034528338259669895,
				0.99999402312013796,
				0.00017793979718948129,
				0.0,
				0.0013495827233414655,
				-0.00017328078327088291,
				0.99999907429969304,
				0.0,
				0.0043668509160254007,
				0.0068009730300576483,
				0.00027443028746067499,
				1.0
			],
			"uncertain" : false,
			"version_major" : 1,
			"version_minor" : 0
		},
		{
			"class_name" : "PoseGraphEdge",
			"confidence" : 1.0,
			"information" : 
			[
				838362.73989808408,
				-5372.0696715000759,
				-22463.125279338597,
				0.0,
				-430833.01949995756,
				-27993.590352291474,
				-5372.0696715000759,
				872865.48363545584,
				92204.816233908772,
				430833.01949995756,
				0.0,
				-4218.6290919070598,
				-22463.125279338597,
				92204.816233908772,
				133213.40172693448,
				27993.590352291474,
				4218.6290919070598,
				0.0,
				0.0,
				430833.01949995756,
				27993.590352291474,
				258310.0,
				0.0,
				0.0,
				-430833.01949995756,
				0.0,
				4218.6290919070598,
				0.0,
				258310.0,
				0.0,
				-27993.590352291474,
				-4218.6290919070598,
				0.0,
				0.0,
				0.0,
				258310.0
			],
			"source_node_id" : 22,
			"target_node_id" : 23,
			"transformation" : 
			[
				0.99999948271062933,
				-0.00046374610449532013,
				-0.00090527234840640804,
				0.0,
				0.00046542361092408451,
				0.99999817356783649,
				0.0018537102937425747,
				0.0,
				0.00090441104406028833,
				-0.0018541306699632113,
				0.99999787211779712,
				0.0,
				0.006400286587210367,
				0.0066107454956050478,
				0.0010948808161647602,
				1.0
			],
			"uncertain" : false,
			"version_major" : 1,
			"version_minor" : 0
		},
		{
			"class_name" : "PoseGraphEdge",
			"confidence" : 1.0,
			"information" : 
			[
				826997.19062129024,
				-4945.0947735923746,
				-22565.938406305075,
				0.0,
				-423663.38464218378,
				-26548.27940533869,
				-4945.0947735923746,
				861332.76870421541,
				88287.193484244097,
				423663.38464218378,
				0.0,
				-4888.2549218207714,
				-22565.938406305075,
				88287.193484244097,
				129781.77305413607,
				26548.27940533869,
				4888.2549218207714,
				0.0,
				0.0,
				423663.38464218378,
				26548.27940533869,
				251589.0,
				0.0,
				0.0,
				-423663.38464218378,
				0.0,
				4888.2549218207714,
				0.0,
				251589.0,
				0.0,
				-26548.27940533869,
				-4888.2549218207714,
				0.0,
				0.0,
				0.0,
				251589.0
			],
			"source_node_id" : 23,
			"target_node_id" : 24,
			"transformation" : 
			[
				0.99997945217099682,
				-0.0054196961121212731,
				0.0034237596066269728,
				0.0,
				0.0054123975363801488,
				0.99998306854277985,
				0.0021374238404955693,
				0.0,
				-0.0034352858250659532,
				-0.0021188491730159227,
				0.99999185461156748,
				0.0,
				0.019801044904626319,
				0.020205297617123138,
				-0.001435695082895106,
				1.0
			],
			"uncertain" : false,
			"version_major" : 1,
			"version_minor" : 0
		},
		{
			"class_name" : "PoseGraphEdge",
			"confidence" : 1.0,
			"information" : 
			[
				846506.49627508246,
				-4922.4592570942114,
				-19349.138426128098,
				0.0,
				-433760.90212404728,
				-27858.064772849088,
				-4922.4592570942114,
				881476.93375349254,
				92153.407693787711,
				433760.90212404728,
				0.0,
				-3257.1311451359652,
				-19349.138426128098,
				92153.407693787711,
				133520.88670153345,
				27858.064772849088,
				3257.1311451359652,
				0.0,
				0.0,
				433760.90212404728,
				27858.064772849088,
				257699.0,
				0.0,
				0.0,
				-433760.90212404728,
				0.0,
				3257.1311451359652,
				0.0,
				257699.0,
				0.0,
				-27858.064772849088,
				-3257.1311451359652,
				0.0,
				0.0,
				0.0,
				257699.0
			],
			"source_node_id" : 24,
			"target_node_id" : 25,
			"transformation" : 
			[
				0.99999514784428623,
				-0.0023662507829149905,
				0.0020261157707944042,
				0.0,
				0.0023653051577331463,
				0.99999709268698211,
				0.0004689873070304001,
				0.0,
				-0.0020272196218240855,
				-0.00046419264934813092,
				0.99999783745055626,
				0.0,
				0.012915154248855648,
				0.005876044028547224,
				-0.00055846241255839827,
				1.0
			],
			"uncertain" : false,
			"version_major" : 1,
			"version_minor" : 0
		},
		{
			"class_name" : "PoseGraphEdge",
			"confidence" : 1.0,
			"information" : 
			[
				841407.74093896477,
				-4381.8685788754228,
				-17223.789615128579,
				0.0,
				-431746.36591756344,
				-27572.352845984278,
				-4381.8685788754228,
				875186.81271572609,
				91797.943418563795,
				431746.36591756344,
				0.0,
				-2565.4221435767831,
				-17223.789615128579,
				91797.943418563795,
				131338.43394759731,
				27572.352845984278,
				2565.4221435767831,
				0.0,
				0.0,
				431746.36591756344,
				27572.352845984278,
				256695.0,
				0.0,
				0.0,
				-431746.36591756344,
				0.0,
				2565.4221435767831,
				0.0,
				256695.0,
				0.0,
				-27572.352845984278,
				-2565.4221435767831,
				0.0,
				0.0,
				0.0,
				256695.0
			],
			"source_node_id" : 25,
			"target_node_id" : 26,
			"transformation" : 
			[
				0.99999275394407561,
				-0.001261537321543363,
				-0.0035917381488442764,
				0.0,
				0.0012592773018141501,
				0.99999900776468087,
				-0.00063141929814956085,
				0.0,
				0.0035925311440049854,
				0.00062689172852511618,
				0.99999335034126102,
				0.0,
				0.0080256529782845917,
				0.0048446064240273284,
				-7.7274511832416842e-05,
				1.0
			],
			"uncertain" : false,
			"version_major" : 1,
			"version_minor" : 0
		},
		{
			"class_name" : "PoseGraphEdge",
			"confidence" : 1.0,
			"information" : 
			[
				845298.63459462067,
				-4722.6518631320905,
				-15333.688564926118,
				0.0,
				-434018.0689433217,
				-27452.378955280874,
				-4722.6518631320905,
				879838.66352952167,
				91863.321379296074,
				434018.0689433217,
				0.0,
				-1663.2321953726932,
				-15333.688564926118,
				91863.321379296074,
				131963.39628749681,
				27452.378955280874,
				1663.2321953726932,
				0.0,
				0.0,
				434018.0689433217,
				27452.378955280874,
				258131.0,
				0.0,
				0.0,
				-434018.0689433217,
				0.0,
				1663.2321953726932,
				0.0,
				258131.0,
				0.0,
				-27452.378955280874,
				-1663.2321953726932,
				0.0,
				0.0,
				0.0,
				258131.0
			],
			"source_node_id" : 26,
			"target_node_id" : 27,
			"transformation" : 
			[
				0.99999954932908142,
				0.00064438923872150457,
				-0.00069721169061637712,
				0.0,
				-0.00064648440587551561,
				0.99999526390078008,
				-0.0030090254106473237,
				0.0,
				0.00069526940495897118,
				0.0030094747910526538,
				0.99999522981959121,
				0.0,
				0.0090763971463044858,
				-0.0003367943348817487,
				-0.00037549509527870159,
				1.0
			],
			"uncertain" : false,
			"version_major" : 1,
			"version_minor" : 0
		},
		{
			"class_name" : "PoseGraphEdge",
			"confidence" : 1.0,
			"information" : 
			[
				846601.36497955478,
				-4262.4470416163804,
				-15299.051281110687,
				0.0,
				-434896.27827602625,
				-28584.283210643684,
				-4262.4470416163804,
				879989.11482372135,
				94448.426316945232,
				434896.27827602625,
				0.0,
				-1740.4926258326159,
				-15299.051281110687,
				94448.426316945232,
				131994.41490189984,
				28584.283210643684,
				1740.4926258326159,
				0.0,
				0.0,
				434896.27827602625,
				28584.283210643684,
				259105.0,
				0.0,
				0.0,
				-434896.27827602625,
				0.0,
				1740.4926258326159,
				0.0,
				259105.0,
				0.0,
				-28584.283210643684,
				-1740.4926258326159,
				0.0,
				0.0,
				0.0,
				259105.0
			],
			"source_node_id" : 27,
			"target_node_id" : 28,
			"transformation" : 
			[
				0.99999540996827996,
				0.0030275843792711833,
				0.00011736778374285407,
				0.0,
				-0.0030275808645272178,
				0.99999541641316703,
				-3.0112524531316567e-05,
				0.0,
				-0.0001174584139863146,
				2.9757045857702516e-05,
				0.99999999265901984,
				0.0,
				0.011351216784366054,
				0.0003894779742370857,
				-0.00030074179555478387,
				1.0
			],
			"uncertain" : false,
			"version_major" : 1,
			"version_minor" : 0
		},
		{
			"class_name" : "PoseGraphEdge",
			"confidence" : 1.0,
			"information" : 
			[
				839614.22396720387,
				-4032.1929684047877,
				-15531.262682232509,
				0.0,
				-433052.80953937769,
				-28561.549357945332,
				-4032.1929684047877,
				873413.85930333904,
				94100.561241707182,
				433052.80953937769,
				0.0,
				-1796.9292215575697,
				-15531.262682232509,
				94100.561241707182,
				131445.18415982605,
				28561.549357945332,
				1796.9292215575697,
				0.0,
				0.0,
				433052.80953937769,
				28561.549357945332,
				259194.0,
				0.0,
				0.0,
				-433052.80953937769,
				0.0,
				1796.9292215575697,
				0.0,
				259194.0,
				0.0,
				-28561.549357945332,
				-1796.9292215575697,
				0.0,
				0.0,
				0.0,
				259194.0
			],
			"source_node_id" : 28,
			"target_node_id" : 29,
			"transformation" : 
			[
				0.99999830173506798,
				-0.00082093137543127396,
				0.0016500298956839748,
				0.0,
				0.00081741258428740275,
				0.99999739297629309,
				0.0021321063022214188,
				0.0,
				-0.0016517759069761679,
				-0.0021307539261388765,
				0.99999636575542572,
				0.0,
				0.0097562746353340255,
				-0.00062170939865924919,
				-0.0011348826415844696,
				1.0
			],
			"uncertain" : false,
			"version_major" : 1,
			"version_minor" : 0
		},
		{
			"class_name" : "PoseGraphEdge",
			"confidence" : 1.0,
			"information" : 
			[
				837649.42527690413,
				-4011.0402463027403,
				-15644.510259747311,
				0.0,
				-432541.07891315222,
				-28372.694165276014,
				-4011.0402463027403,
				871060.20486706402,
				93795.121402655845,
				432541.07891315222,
				0.0,
				-1674.914257256547,
				-15644.510259747311,
				93795.121402655845,
				131222.61866634426,
				28372.694165276014,
				1674.914257256547,
				0.0,
				0.0,
				432541.07891315222,
				28372.694165276014,
				259326.0,
				0.0,
				0.0,
				-432541.07891315222,
				0.0,
				1674.914257256547,
				0.0,
				259326.0,
				0.0,
				-28372.694165276014,
				-1674.914257256547,
				0.0,
				0.0,
				0.0,
				259326.0
			],
			"source_node_id" : 29,
			"target_node_id" : 30,
			"transformation" : 
			[
				0.99998960011453197,
				-0.00099473225446071001,
				0.0044508617728075319,
				0.0,
				0.00098049152140561964,
				0.99999439743350549,
				0.0032005840055622657,
				0.0,
				-0.0044540205607019349,
				-0.0031961866876239931,
				0.99998497293284427,
				0.0,
				0.0092392117021444335,
				0.0052500976070366948,
				-0.00084828208384928408,
				1.0
			],
			"uncertain" : false,
			"version_major" : 1,
			"version_minor" : 0
		},
		{
			"class_name" : "PoseGraphEdge",
			"confidence" : 1.0,
			"information" : 
			[
				836656.28553107393,
				-4188.5312674555817,
				-15115.729211983084,
				0.0,
				-432255.4282143712,
				-27639.976878931047,
				-4188.5312674555817,
				869946.72594971023,
				92423.204715356944,
				432255.4282143712,
				0.0,
				-1067.628872852074,
				-15115.729211983084,
				92423.204715356944,
				130206.97541126396,
				27639.976878931047,
				1067.628872852074,
				0.0,
				0.0,
				432255.4282143712,
				27639.976878931047,
				259326.0,
				0.0,
				0.0,
				-432255.4282143712,
				0.0,
				1067.628872852074,
				0.0,
				259326.0,
				0.0,
				-27639.976878931047,
				-1067.628872852074,
				0.0,
				0.0,
				0.0,
				259326.0
			],
			"source_node_id" : 30,
			"target_node_id" : 31,
			"transformation" : 
			[
				0.99997104578133267,
				0.0034735651213667479,
				0.0067706679386698278,
				0.0,
				-0.0034582096797969746,
				0.9999914249725993,
				-0.0022783254994448486,
				0.0,
				-0.0067785237919967224,
				0.0022548451429059437,
				0.99997448331874084,
				0.0,
				0.011997733153003221,
				-0.0007793070472689209,
				-0.00026590476202248658,
				1.0
			],
			"uncertain" : false,
			"version_major" : 1,
			"version_minor" : 0
		},
		{
			"class_name" : "PoseGraphEdge",
			"confidence" : 1.0,
			"information" : 
			[
				835727.15304123436,
				-3086.0759262399633,
				-17455.854227195163,
				0.0,
				-431684.09564077854,
				-28727.530596308992,
				-3086.0759262399633,
				868200.66592371347,
				94502.741488477041,
				431684.09564077854,
				0.0,
				-2055.5621118700947,
				-17455.854227195163,
				94502.741488477041,
				129733.9776318322,
				28727.530596308992,
				2055.5621118700947,
				0.0,
				0.0,
