{
	"class_name" : "PoseGraph",
	"edges" : 
	[
		{
			"class_name" : "PoseGraphEdge",
			"confidence" : 1.0,
			"information" : 
			[
				843094.74873907666,
				51.855298607326326,
				15051.030913823051,
				0.0,
				-441989.59253841639,
				-28874.397951105842,
				51.855298607326326,
				884633.46034047974,
				92165.331422707284,
				441989.59253841639,
				0.0,
				5306.8580532787601,
				15051.030913823051,
				92165.331422707284,
				135421.57900752101,
				28874.397951105842,
				-5306.8580532787601,
				0.0,
				0.0,
				441989.59253841639,
				28874.397951105842,
				265431.0,
				0.0,
				0.0,
				-441989.59253841639,
				0.0,
				-5306.8580532787601,
				0.0,
				265431.0,
				0.0,
				-28874.397951105842,
				5306.8580532787601,
				0.0,
				0.0,
				0.0,
				265431.0
			],
			"source_node_id" : 0,
			"target_node_id" : 1,
			"transformation" : 
			[
				0.99999981635659108,
				0.00043252539403893685,
				-0.00042450979794263812,
				0.0,
				-0.00043238549442522117,
				0.99999985220589116,
				0.00032959214237100021,
				0.0,
				0.00042465229217384249,
				-0.00032940852996470455,
				0.99999985558021565,
				0.0,
				0.0032603903369080355,
				0.0019924167226726772,
				0.0025015409835788772,
				1.0
			],
			"uncertain" : false,
			"version_major" : 1,
			"version_minor" : 0
		},
		{
			"class_name" : "PoseGraphEdge",
			"confidence" : 1.0,
			"information" : 
			[
				843882.22189037094,
				53.469601466823661,
				16991.534934938427,
				0.0,
				-442067.25789731741,
				-28470.334219667711,
				53.469601466823661,
				885542.62326145277,
				91300.752222441341,
				442067.25789731741,
				0.0,
				6402.1527892120648,
				16991.534934938427,
				91300.752222441341,
				135226.24657654751,
				28470.334219667711,
				-6402.1527892120648,
				0.0,
				0.0,
				442067.25789731741,
				28470.334219667711,
				265087.0,
				0.0,
				0.0,
				-442067.25789731741,
				0.0,
				-6402.1527892120648,
				0.0,
				265087.0,
				0.0,
				-28470.334219667711,
				6402.1527892120648,
				0.0,
				0.0,
				0.0,
				265087.0
			],
			"source_node_id" : 1,
			"target_node_id" : 2,
			"transformation" : 
			[
				0.99998789189055604,
				-0.0012094023978380004,
				0.0047700543101200739,
				0.0,
				0.0012161895334422618,
				0.99999825192832004,
				-0.0014202194629094444,
				0.0,
				-0.0047683283548993257,
				0.0014260035568626746,
				0.99998761470258002,
				0.0,
				0.0086908917047480473,
				-0.0016260310843821105,
				0.0022156692543264622,
				1.0
			],
			"uncertain" : false,
			"version_major" : 1,
			"version_minor" : 0
		},
		{
			"class_name" : "PoseGraphEdge",
			"confidence" : 1.0,
			"information" : 
			[
				842527.85761664005,
				238.38066448833638,
				17346.771585331859,
				0.0,
				-440879.18283480406,
				-28993.174126835656,
				238.38066448833638,
				883519.75725146662,
				92121.321242224949,
				440879.18283480406,
				0.0,
				6551.6691956136492,
				17346.771585331859,
				92121.321242224949,
				135173.72505209543,
				28993.174126835656,
				-6551.6691956136492,
				0.0,
				0.0,
				440879.18283480406,
				28993.174126835656,
				264167.0,
				0.0,
				0.0,
				-440879.18283480406,
				0.0,
				-6551.6691956136492,
				0.0,
				264167.0,
				0.0,
				-28993.174126835656,
				6551.6691956136492,
				0.0,
				0.0,
				0.0,
				264167.0
			],
			"source_node_id" : 2,
			"target_node_id" : 3,
			"transformation" : 
			[
				0.99998471118610699,
				-0.0049968832620799963,
				0.0023682381013501535,
				0.0,
				0.0049941716412893128,
				0.99998686833014905,
				0.0011495289804812942,
				0.0,
				-0.0023739510645511223,
				-0.0011376840179810599,
				0.99999653500970587,
				0.0,
				0.0071490220995860691,
				-0.00055747718251407613,
				0.0014416548624534781,
				1.0
			],
			"uncertain" : false,
			"version_major" : 1,
			"version_minor" : 0
		},
		{
			"class_name" : "PoseGraphEdge",
			"confidence" : 1.0,
			"information" : 
			[
				846458.58818360977,
				738.79467595389121,
				16259.534412131939,
				0.0,
				-442420.0026704669,
				-28813.669335338171,
				738.79467595389121,
				887506.38662277826,
				92022.368524644815,
				442420.0026704669,
				0.0,
				5915.0561671956675,
				16259.534412131939,
				92022.368524644815,
				135814.09252344572,
				28813.669335338171,
				-5915.0561671956675,
				0.0,
				0.0,
				442420.0026704669,
				28813.669335338171,
				264760.0,
				0.0,
				0.0,
				-442420.0026704669,
				0.0,
				-5915.0561671956675,
				0.0,
				264760.0,
				0.0,
				-28813.669335338171,
				5915.0561671956675,
				0.0,
				0.0,
				0.0,
				264760.0
			],
			"source_node_id" : 3,
			"target_node_id" : 4,
			"transformation" : 
			[
				0.99999485443225522,
				-0.0030785768139112279,
				0.00090192783178943308,
				0.0,
				0.003077038621900223,
				0.99999381766320405,
				0.0017019014924164317,
				0.0,
				-0.00090716169024192489,
				-0.0016991174683944265,
				0.99999814502702777,
				0.0,
				0.0069951536870626468,
				0.0034394326582952895,
				0.0020820579109564223,
				1.0
			],
			"uncertain" : false,
			"version_major" : 1,
			"version_minor" : 0
		},
		{
			"class_name" : "PoseGraphEdge",
			"confidence" : 1.0,
			"information" : 
			[
				847988.41828133876,
				782.91316979238866,
				16820.479787416389,
				0.0,
				-442395.93647992611,
				-27331.913640134037,
				782.91316979238866,
				889706.99297577061,
				89032.421322862661,
				442395.93647992611,
				0.0,
				6227.8713431773358,
				16820.479787416389,
				89032.421322862661,
				134815.52541940694,
				27331.913640134037,
				-6227.8713431773358,
				0.0,
				0.0,
				442395.93647992611,
				27331.913640134037,
				263658.0,
				0.0,
				0.0,
				-442395.93647992611,
				0.0,
				-6227.8713431773358,
				0.0,
				263658.0,
				0.0,
				-27331.913640134037,
				6227.8713431773358,
				0.0,
				0.0,
				0.0,
				263658.0
			],
			"source_node_id" : 4,
			"target_node_id" : 5,
			"transformation" : 
			[
				0.99999522259954121,
				0.0027804298263107408,
				-0.0013505510266525627,
				0.0,
				-0.0027848808315310094,
				0.99999066042436802,
				-0.0033050722822505906,
				0.0,
				0.001341348891527419,
				0.0033088176162628805,
				0.99999362623425447,
				0.0,
				0.0054514118984496634,
				0.0012024850875735702,
				0.0017341208559273392,
				1.0
			],
			"uncertain" : false,
			"version_major" : 1,
			"version_minor" : 0
		},
		{
			"class_name" : "PoseGraphEdge",
			"confidence" : 1.0,
			"information" : 
			[
				853285.2512730204,
				974.15151670848627,
				16181.559658927879,
				0.0,
				-443717.65539038181,
				-27183.23460402491,
				974.15151670848627,
				895025.56064173614,
				88845.975213050595,
				443717.65539038181,
				0.0,
				5890.5464254512335,
				16181.559658927879,
				88845.975213050595,
				135335.11026275565,
				27183.23460402491,
				-5890.5464254512335,
				0.0,
				0.0,
				443717.65539038181,
				27183.23460402491,
				263332.0,
				0.0,
				0.0,
				-443717.65539038181,
				0.0,
				-5890.5464254512335,
				0.0,
				263332.0,
				0.0,
				-27183.23460402491,
				5890.5464254512335,
				0.0,
				0.0,
				0.0,
				263332.0
			],
			"source_node_id" : 5,
			"target_node_id" : 6,
			"transformation" : 
			[
				0.99999811835010044,
				0.0016704130810147636,
				-0.00098641593541987809,
				0.0,
				-0.0016744699125549208,
				0.99999008487091634,
				-0.0041262949929971905,
				0.0,
				0.00097951353784612007,
				0.0041279389525597536,
				0.99999100029611943,
				0.0,
				0.0082958268455384804,
				-0.00043139238855859828,
				0.0012818062533502587,
				1.0
			],
			"uncertain" : false,
			"version_major" : 1,
			"version_minor" : 0
		},
		{
			"class_name" : "PoseGraphEdge",
			"confidence" : 1.0,
			"information" : 
			[
				858075.19152227568,
				909.86049013889772,
				16792.114708087338,
				0.0,
				-444851.7028222084,
				-27492.661474688794,
				909.86049013889772,
				899318.59369640076,
				89468.381634039644,
				444851.7028222084,
				0.0,
				6208.2181017555995,
				16792.114708087338,
				89468.381634039644,
				135970.60238922166,
				27492.661474688794,
				-6208.2181017555995,
				0.0,
				0.0,
				444851.7028222084,
				27492.661474688794,
				263046.0,
				0.0,
				0.0,
				-444851.7028222084,
				0.0,
				-6208.2181017555995,
				0.0,
				263046.0,
				0.0,
				-27492.661474688794,
				6208.2181017555995,
				0.0,
				0.0,
				0.0,
				263046.0
			],
			"source_node_id" : 6,
			"target_node_id" : 7,
			"transformation" : 
			[
				0.99997640152255685,
				0.0048513349022880885,
				-0.0048642520147753098,
				0.0,
				-0.0048604272677342632,
				0.99998645981978118,
				-0.0018591460073097389,
				0.0,
				0.0048551668120126856,
				0.0018827444774243685,
				0.99998644122230951,
				0.0,
				0.00057561915348874697,
				0.00098428077731782721,
				0.00078504774194365103,
				1.0
			],
			"uncertain" : false,
			"version_major" : 1,
			"version_minor" : 0
		},
		{
			"class_name" : "PoseGraphEdge",
			"confidence" : 1.0,
			"information" : 
			[
				861205.16727061791,
				792.49709554270203,
				15642.576443201584,
				0.0,
				-445317.70521342754,
				-26697.361373408115,
				792.49709554270203,
				903841.65105429187,
				87770.775934781472,
				445317.70521342754,
				0.0,
				5765.3999844015925,
				15642.576443201584,
				87770.775934781472,
				136623.85021307971,
				26697.361373408115,
				-5765.3999844015925,
				0.0,
				0.0,
				445317.70521342754,
				26697.361373408115,
				261977.0,
				0.0,
				0.0,
				-445317.70521342754,
				0.0,
				-5765.3999844015925,
				0.0,
				261977.0,
				0.0,
				-26697.361373408115,
				5765.3999844015925,
				0.0,
				0.0,
				0.0,
				261977.0
			],
			"source_node_id" : 7,
			"target_node_id" : 8,
			"transformation" : 
			[
				0.99998274321964586,
				0.0052475178372841111,
				0.0026413669679723694,
				0.0,
				-0.0052366211297601379,
				0.99997781976871403,
				-0.004115552180788116,
				0.0,
				-0.0026629048153210652,
				0.0041016493215321618,
				0.99998804263390395,
				0.0,
				0.01149331974007912,
				0.0025407786570017373,
				0.00037949309626392945,
				1.0
			],
			"uncertain" : false,
			"version_major" : 1,
			"version_minor" : 0
		},
		{
			"class_name" : "PoseGraphEdge",
			"confidence" : 1.0,
			"information" : 
			[
				870424.19910094969,
				1142.8368641957218,
				16778.863020867353,
				0.0,
				-448812.96354341507,
				-27615.670671210159,
				1142.8368641957218,
				912708.36436295707,
				89640.997031086765,
				448812.96354341507,
				0.0,
				6448.8567495936295,
				16778.863020867353,
				89640.997031086765,
				138929.12728259445,
				27615.670671210159,
				-6448.8567495936295,
				0.0,
				0.0,
				448812.96354341507,
				27615.670671210159,
				263163.0,
				0.0,
				0.0,
				-448812.96354341507,
				0.0,
				-6448.8567495936295,
				0.0,
				263163.0,
				0.0,
				-27615.670671210159,
				6448.8567495936295,
				0.0,
				0.0,
				0.0,
				263163.0
			],
			"source_node_id" : 8,
			"target_node_id" : 9,
			"transformation" : 
			[
				0.99999920910607376,
				-0.00093153489050608958,
				0.00084500294387861283,
				0.0,
				0.00093017523273983445,
				0.99999827451289947,
				0.0016080252673690424,
				0.0,
				-0.00084649941747830238,
				-0.0016072379947816365,
				0.99999835011102123,
				0.0,
				0.0050050427738109705,
				0.0064635465096476493,
				-0.00058902202996365832,
				1.0
			],
			"uncertain" : false,
			"version_major" : 1,
			"version_minor" : 0
		},
		{
			"class_name" : "PoseGraphEdge",
			"confidence" : 1.0,
			"information" : 
			[
				871429.30916108831,
				1093.0037806936734,
				17111.568048811307,
				0.0,
				-448594.67581504583,
				-26423.032907520188,
				1093.0037806936734,
				913649.03905488504,
				86967.106524156319,
				448594.67581504583,
				0.0,
				6694.9080899081309,
				17111.568048811307,
				86967.106524156319,
				137813.45815935239,
				26423.032907520188,
				-6694.9080899081309,
				0.0,
				0.0,
				448594.67581504583,
				26423.032907520188,
				261922.0,
				0.0,
				0.0,
				-448594.67581504583,
				0.0,
				-6694.9080899081309,
				0.0,
				261922.0,
				0.0,
				-26423.032907520188,
				6694.9080899081309,
				0.0,
				0.0,
				0.0,
				261922.0
			],
			"source_node_id" : 9,
			"target_node_id" : 10,
			"transformation" : 
			[
				0.99998585838612264,
				0.0048429945892888362,
				-0.0021973691492795573,
				0.0,
				-0.0048439297093975627,
				0.99998817971719178,
				-0.00042044127683940223,
				0.0,
				0.00219530698092594,
				0.00043107923282591535,
				0.99999749739584531,
				0.0,
				0.0035869059329466015,
				0.0073176879928704645,
				-0.00041281493993502202,
				1.0
			],
			"uncertain" : false,
			"version_major" : 1,
			"version_minor" : 0
		},
		{
			"class_name" : "PoseGraphEdge",
			"confidence" : 1.0,
			"information" : 
			[
				865251.1371083206,
				776.62966644272274,
				14042.227290049939,
				0.0,
				-443050.53606283665,
				-22197.207677572966,
				776.62966644272274,
				910013.20944938879,
				77176.8702149936,
				443050.53606283665,
				0.0,
				5460.4138685701182,
				14042.227290049939,
				77176.8702149936,
				133849.10162273038,
				22197.207677572966,
				-5460.4138685701182,
				0.0,
				0.0,
				443050.53606283665,
				22197.207677572966,
				254919.0,
				0.0,
				0.0,
				-443050.53606283665,
				0.0,
				-5460.4138685701182,
				0.0,
				254919.0,
				0.0,
				-22197.207677572966,
				5460.4138685701182,
				0.0,
				0.0,
				0.0,
				254919.0
			],
			"source_node_id" : 10,
			"target_node_id" : 11,
			"transformation" : 
			[
				0.9998810530866914,
				0.015410674258891682,
				-0.00062513769274907772,
				0.0,
				-0.015416655806421584,
				0.99981979274914412,
				-0.011077398196464718,
				0.0,
				0.00045431486316230919,
				0.01108571810678248,
				0.99993844833172718,
				0.0,
				0.010891909944364876,
				0.015253924506143992,
				-0.0039846028172514361,
				1.0
			],
			"uncertain" : false,
			"version_major" : 1,
			"version_minor" : 0
		},
		{
			"class_name" : "PoseGraphEdge",
			"confidence" : 1.0,
			"information" : 
			[
				902996.89811399858,
				1418.044841260167,
				13816.246032105901,
				0.0,
				-459505.93004673719,
				-24451.081270714174,
				1418.044841260167,
				948422.13515990565,
				82556.653180041088,
				459505.93004673719,
				0.0,
				5449.1248614246724,
				13816.246032105901,
				82556.653180041088,
				142097.07916861842,
				24451.081270714174,
				-5449.1248614246724,
				0.0,
				0.0,
				459505.93004673719,
				24451.081270714174,
				262746.0,
				0.0,
				0.0,
				-459505.93004673719,
				0.0,
				-5449.1248614246724,
				0.0,
				262746.0,
				0.0,
				-24451.081270714174,
				5449.1248614246724,
				0.0,
				0.0,
				0.0,
				262746.0
			],
			"source_node_id" : 11,
			"target_node_id" : 12,
			"transformation" : 
			[
				0.99999741817230081,
				0.0021597268370153575,
				-0.00070656119432920363,
				0.0,
				-0.0021618958822114996,
				0.99999290866652113,
				-0.0030836379271667802,
				0.0,
				0.0006998963682812128,
				0.0030851574774815142,
				0.99999499596168651,
				0.0,
				0.0042098799817685785,
				0.0065549753279718626,
				-0.0020015514997345071,
				1.0
			],
			"uncertain" : false,
			"version_major" : 1,
			"version_minor" : 0
		},
		{
			"class_name" : "PoseGraphEdge",
			"confidence" : 1.0,
			"information" : 
			[
				909176.13757860311,
				1562.293831767747,
				14075.281660409823,
				0.0,
				-461399.18526750803,
				-23821.242451608065,
				1562.293831767747,
				954505.96064679732,
				81113.173023239186,
				461399.18526750803,
				0.0,
				5517.2557244917261,
				14075.281660409823,
				81113.173023239186,
				142178.58915484755,
				23821.242451608065,
				-5517.2557244917261,
				0.0,
				0.0,
				461399.18526750803,
				23821.242451608065,
				262558.0,
				0.0,
				0.0,
				-461399.18526750803,
				0.0,
				-5517.2557244917261,
				0.0,
				262558.0,
				0.0,
				-23821.242451608065,
				5517.2557244917261,
				0.0,
				0.0,
				0.0,
				262558.0
			],
			"source_node_id" : 12,
			"target_node_id" : 13,
			"transformation" : 
			[
				0.99999740746328569,
				0.00023525377248554701,
				-0.0022648890417093981,
				0.0,
				-0.00024448795463383183,
				0.99999165630771825,
				-0.004077688142463157,
				0.0,
				0.002263910852653647,
				0.0040782313089962165,
				0.99998912130934781,
				0.0,
				0.0039625001552799554,
				0.0055799511168871004,
				-0.0019479904553600799,
				1.0
			],
			"uncertain" : false,
			"version_major" : 1,
			"version_minor" : 0
		},
		{
			"class_name" : "PoseGraphEdge",
			"confidence" : 1.0,
			"information" : 
			[
				915475.19515128329,
				1432.8158982549601,
				15287.839488874657,
				0.0,
				-463281.3478552103,
				-23703.283864423749,
				1432.8158982549601,
				960598.66123551875,
				80520.2938938593,
				463281.3478552103,
				0.0,
				6099.4051805835916,
				15287.839488874657,
				80520.2938938593,
				142888.07759640104,
				23703.283864423749,
				-6099.4051805835916,
				0.0,
				0.0,
				463281.3478552103,
				23703.283864423749,
				262379.0,
				0.0,
				0.0,
				-463281.3478552103,
				0.0,
				-6099.4051805835916,
				0.0,
				262379.0,
				0.0,
				-23703.283864423749,
				6099.4051805835916,
				0.0,
				0.0,
				0.0,
				262379.0
			],
			"source_node_id" : 13,
			"target_node_id" : 14,
			"transformation" : 
			[
				0.99999426831253313,
				0.0022601095579031769,
				-0.0025209614965765702,
				0.0,
				-0.0022663594227896864,
				0.99999435891299893,
				-0.0024790637642601769,
				0.0,
				0.0025153443199051836,
				0.0024847629598837313,
				0.99999374947845809,
				0.0,
				0.0017941924142897488,
				0.0069733203034060449,
				-0.0023883004297560978,
				1.0
			],
			"uncertain" : false,
			"version_major" : 1,
			"version_minor" : 0
		},
		{
			"class_name" : "PoseGraphEdge",
			"confidence" : 1.0,
			"information" : 
			[
				921917.23924855888,
				1524.3732908586358,
				14250.916708356739,
				0.0,
				-465199.65657281876,
				-23202.915745913633,
				1524.3732908586358,
				967970.183632795,
				79177.892416407019,
				465199.65657281876,
				0.0,
				5480.6423628724879,
				14250.916708356739,
				79177.892416407019,
				143735.25613103551,
				23202.915745913633,
				-5480.6423628724879,
				0.0,
				0.0,
				465199.65657281876,
				23202.915745913633,
				262041.0,
				0.0,
				0.0,
				-465199.65657281876,
				0.0,
				-5480.6423628724879,
				0.0,
				262041.0,
				0.0,
				-23202.915745913633,
				5480.6423628724879,
				0.0,
				0.0,
				0.0,
				262041.0
			],
			"source_node_id" : 14,
			"target_node_id" : 15,
			"transformation" : 
			[
				0.99999434537359566,
				-0.0032775140993462812,
				0.00075307513768524794,
				0.0,
				0.0032798710629449042,
				0.99998965940953766,
				-0.0031501618702211042,
				0.0,
				-0.00074274265049878419,
				0.0031526140465849319,
				0.99999475466525733,
				0.0,
				0.0068020403922949245,
				0.0084080112639265004,
				-0.0020947034293113493,
				1.0
			],
			"uncertain" : false,
			"version_major" : 1,
			"version_minor" : 0
		},
		{
			"class_name" : "PoseGraphEdge",
			"confidence" : 1.0,
			"information" : 
			[
				909569.8677000294,
				2315.6037349341987,
				12047.554770811106,
				0.0,
				-456296.1133915782,
				-18885.291960947099,
				2315.6037349341987,
				954759.57020692353,
				68627.010269186707,
				456296.1133915782,
				0.0,
				3946.2838646862656,
				12047.554770811106,
				68627.010269186707,
				136785.41174977057,
				18885.291960947099,
				-3946.2838646862656,
				0.0,
				0.0,
				456296.1133915782,
				18885.291960947099,
				253536.0,
				0.0,
				0.0,
				-456296.1133915782,
				0.0,
				-3946.2838646862656,
				0.0,
				253536.0,
				0.0,
				-18885.291960947099,
				3946.2838646862656,
				0.0,
				0.0,
				0.0,
				253536.0
			],
			"source_node_id" : 15,
			"target_node_id" : 16,
			"transformation" : 
			[
				0.99992408616172179,
				-0.0056181227544028012,
				-0.010966248691446329,
				0.0,
				0.0054962627143088283,
				0.99992316581135465,
				-0.011110966203447053,
				0.0,
				0.011027828880676636,
				0.011049849343556932,
				0.99987813648447299,
				0.0,
				0.0063184138287843382,
				0.01798104129556127,
				-0.0046376096556113734,
				1.0
			],
			"uncertain" : false,
			"version_major" : 1,
			"version_minor" : 0
		},
		{
			"class_name" : "PoseGraphEdge",
			"confidence" : 1.0,
			"information" : 
			[
				944575.80788008473,
				1573.486075267745,
				14799.677644930771,
				0.0,
				-471037.43503028154,
				-18931.025274582556,
				1573.486075267745,
				992310.29217845562,
				69059.517266536772,
				471037.43503028154,
				0.0,
				5467.8637923481874,
				14799.677644930771,
				69059.517266536772,
				143784.42916851805,
				18931.025274582556,
				-5467.8637923481874,
				0.0,
				0.0,
				471037.43503028154,
				18931.025274582556,
				259536.0,
				0.0,
				0.0,
				-471037.43503028154,
				0.0,
				-5467.8637923481874,
				0.0,
				259536.0,
				0.0,
				-18931.025274582556,
				5467.8637923481874,
				0.0,
				0.0,
				0.0,
				259536.0
			],
			"source_node_id" : 16,
			"target_node_id" : 17,
			"transformation" : 
			[
				0.99999775881045916,
				0.00018069319892939786,
				-0.0021094368980325278,
				0.0,
				-0.00020081635826696092,
				0.99995444172746384,
				-0.009543277335679284,
				0.0,
				0.0021076163904213733,
				0.0095436795568217929,
				0.99995223692617818,
				0.0,
				0.0062243363989749646,
				0.010823907171012132,
				-0.0025765247808696525,
				1.0
			],
			"uncertain" : false,
			"version_major" : 1,
			"version_minor" : 0
		},
		{
			"class_name" : "PoseGraphEdge",
			"confidence" : 1.0,
			"information" : 
			[
				956907.09701430949,
				1389.7746091430781,
				14594.697314663805,
				0.0,
				-474744.30784595013,
				-18677.627274702187,
				1389.7746091430781,
				1004346.6599148962,
				67983.240084459525,
				474744.30784595013,
				0.0,
				5255.1674078201177,
				14594.697314663805,
				67983.240084459525,
				144794.51952310948,
				18677.627274702187,
				-5255.1674078201177,
				0.0,
				0.0,
				474744.30784595013,
				18677.627274702187,
				259603.0,
				0.0,
				0.0,
				-474744.30784595013,
				0.0,
				-5255.1674078201177,
				0.0,
				259603.0,
				0.0,
				-18677.627274702187,
				5255.1674078201177,
				0.0,
				0.0,
				0.0,
				259603.0
			],
			"source_node_id" : 17,
			"target_node_id" : 18,
			"transformation" : 
			[
				0.99998454240577705,
				0.0029120587916331448,
				-0.0047365454819548181,
				0.0,
				-0.0029601229320921061,
				0.99994387887975045,
				-0.010172352881442076,
				0.0,
				0.0047066571720762642,
				0.010186216398238976,
				0.9999370422050341,
				0.0,
				0.0052550849621768566,
				0.0059219398905194605,
				-0.0044668097413960439,
				1.0
			],
			"uncertain" : false,
			"version_major" : 1,
			"version_minor" : 0
		},
		{
			"class_name" : "PoseGraphEdge",
			"confidence" : 1.0,
			"information" : 
			[
				970770.28661004978,
				1518.1367006195942,
				14090.285405164157,
				0.0,
				-479845.83917796612,
				-19071.245652606594,
				1518.1367006195942,
				1018181.8536569922,
				68439.767991766872,
				479845.83917796612,
				0.0,
				4771.6106276824139,
				14090.285405164157,
				68439.767991766872,
				146874.69013500516,
				19071.245652606594,
				-4771.6106276824139,
				0.0,
				0.0,
				479845.83917796612,
				19071.245652606594,
				261085.0,
				0.0,
				0.0,
				-479845.83917796612,
				0.0,
				-4771.6106276824139,
				0.0,
				261085.0,
				0.0,
				-19071.245652606594,
				4771.6106276824139,
				0.0,
				0.0,
				0.0,
				261085.0
			],
			"source_node_id" : 18,
			"target_node_id" : 19,
			"transformation" : 
			[
				0.99998779685510097,
				-0.0031872076652997498,
				-0.0037746321915199531,
				0.0,
				0.0031571591684972783,
				0.99996349351578639,
				-0.0079400240357956429,
				0.0,
				0.0037998008984389919,
				0.0079280100279006671,
				0.99996135333828284,
				0.0,
				0.0079516554662882443,
				0.0038216364754343275,
				-0.0037714975789064778,
				1.0
			],
			"uncertain" : false,
			"version_major" : 1,
			"version_minor" : 0
		},
		{
			"class_name" : "PoseGraphEdge",
			"confidence" : 1.0,
			"information" : 
			[
				959782.74320869986,
				1643.6267989471171,
				11409.389675169758,
				0.0,
				-474056.40527105331,
				-20147.519324990688,
				1643.6267989471171,
				1002223.6825310825,
				69346.931468621304,
				474056.40527105331,
				0.0,
				2764.0467675846885,
				11409.389675169758,
				69346.931468621304,
				142722.63043948749,
				20147.519324990688,
				-2764.0467675846885,
				0.0,
				0.0,
				474056.40527105331,
				20147.519324990688,
				257726.0,
				0.0,
				0.0,
				-474056.40527105331,
				0.0,
				-2764.0467675846885,
				0.0,
				257726.0,
				0.0,
				-20147.519324990688,
				2764.0467675846885,
				0.0,
				0.0,
				0.0,
				257726.0
			],
			"source_node_id" : 19,
			"target_node_id" : 20,
			"transformation" : 
			[
				0.99985570364870713,
				-0.0031712496223344918,
				-0.016688770385530582,
				0.0,
				0.0031607490200830806,
				0.99999478995258739,
				-0.00065554047354831149,
				0.0,
				0.016690762318724794,
				0.00060269686680739843,
				0.99986051787722163,
				0.0,
				0.010354290243630609,
				0.0076510579872064027,
				-0.0081296928618093314,
				1.0
			],
			"uncertain" : false,
			"version_major" : 1,
			"version_minor" : 0
		},
		{
			"class_name" : "PoseGraphEdge",
			"confidence" : 1.0,
			"information" : 
			[
				972946.87373778934,
				496.72932676336154,
				15407.560862994069,
				0.0,
				-482002.99591505527,
				-20742.921996065998,
				496.72932676336154,
				1017378.193363531,
				71093.496001086474,
				482002.99591505527,
				0.0,
				4878.2202874575742,
				15407.560862994069,
				71093.496001086474,
				146911.89879896148,
				20742.921996065998,
				-4878.2202874575742,
				0.0,
				0.0,
				482002.99591505527,
				20742.921996065998,
				263123.0,
				0.0,
				0.0,
				-482002.99591505527,
				0.0,
				-4878.2202874575742,
				0.0,
				263123.0,
				0.0,
				-20742.921996065998,
				4878.2202874575742,
				0.0,
				0.0,
				0.0,
				263123.0
			],
			"source_node_id" : 20,
			"target_node_id" : 21,
			"transformation" : 
			[
				0.99992934368873843,
				0.0095988551993804461,
				-0.0070121044679582962,
				0.0,
				-0.0095838060863382597,
				0.99995170532415567,
				0.0021766212835954246,
				0.0,
				0.0070326588931711558,
				-0.0021092648420864535,
				0.9999730459920998,
				0.0,
				0.0049503788050157043,
				0.0032624440303256931,
				-0.0052358902611288182,
				1.0
			],
			"uncertain" : false,
			"version_major" : 1,
			"version_minor" : 0
		},
		{
			"class_name" : "PoseGraphEdge",
			"confidence" : 1.0,
			"information" : 
			[
				968534.58999301598,
				239.75250186979264,
				15657.371060802427,
				0.0,
				-480896.15212023258,
				-20865.364652679418,
				239.75250186979264,
				1012164.0104804098,
				71187.511189618832,
				480896.15212023258,
				0.0,
				4802.4570577108534,
				15657.371060802427,
				71187.511189618832,
				146071.36963138875,
				20865.364652679418,
				-4802.4570577108534,
				0.0,
				0.0,
				480896.15212023258,
				20865.364652679418,
				263247.0,
				0.0,
				0.0,
				-480896.15212023258,
				0.0,
				-4802.4570577108534,
				0.0,
				263247.0,
				0.0,
				-20865.364652679418,
				4802.4570577108534,
				0.0,
				0.0,
				0.0,
				263247.0
			],
			"source_node_id" : 21,
			"target_node_id" : 22,
			"transformation" : 
			[
				0.99997358260769242,
				0.0024937726580055459,
				-0.0068275313742520291,
				0.0,
				-0.0024778852837402808,
				0.99999420524763216,
				0.0023344283408186367,
				0.0,
				0.0068333133439668322,
				-0.0023174488317928097,
				0.9999739672909761,
				0.0,
				0.0076246210007674458,
				0.0033402337152874475,
				-0.0047595324057267182,
				1.0
			],
			"uncertain" : false,
			"version_major" : 1,
			"version_minor" : 0
		},
		{
			"class_name" : "PoseGraphEdge",
			"confidence" : 1.0,
			"information" : 
			[
				961627.31712122238,
				-75.382173224955963,
				15652.097618148764,
				0.0,
				-478885.46839249134,
				-20692.352177659515,
				-75.382173224955963,
				1004417.7924199573,
				70701.508143160958,
				478885.46839249134,
				0.0,
				4614.3593845872674,
				15652.097618148764,
				70701.508143160958,
				144227.41943758828,
				20692.352177659515,
				-4614.3593845872674,
				0.0,
				0.0,
				478885.46839249134,
				20692.352177659515,
				263098.0,
				0.0,
				0.0,
				-478885.46839249134,
				0.0,
				-4614.3593845872674,
				0.0,
				263098.0,
				0.0,
				-20692.352177659515,
				4614.3593845872674,
				0.0,
				0.0,
				0.0,
				263098.0
			],
			"source_node_id" : 22,
			"target_node_id" : 23,
			"transformation" : 
			[
				0.9999517696648843,
				0.0029643779764583953,
				-0.009363269048762838,
				0.0,
				-0.0029489129655394142,
				0.99999426575670336,
				0.0016650423515340209,
				0.0,
				0.009368151172376828,
				-0.001637350580485698,
				0.99995477739080163,
				0.0,
				0.0059152620648589924,
				0.00039229642672265107,
				-0.0050543862499131545,
				1.0
			],
			"uncertain" : false,
			"version_major" : 1,
			"version_minor" : 0
		},
		{
			"class_name" : "PoseGraphEdge",
			"confidence" : 1.0,
			"information" : 
			[
				922690.05524199398,
				-73.540575648417601,
				9807.7014257447972,
				0.0,
				-461689.8304771781,
				-20576.812274129712,
				-73.540575648417601,
				961776.32519807818,
				69421.934490136904,
				461689.8304771781,
				0.0,
				1668.6942629656405,
				9807.7014257447972,
				69421.934490136904,
				136891.98286931246,
				20576.812274129712,
				-1668.6942629656405,
				0.0,
				0.0,
				461689.8304771781,
				20576.812274129712,
				255108.0,
				0.0,
				0.0,
				-461689.8304771781,
				0.0,
				-1668.6942629656405,
				0.0,
				255108.0,
				0.0,
				-20576.812274129712,
				1668.6942629656405,
				0.0,
				0.0,
				0.0,
				255108.0
			],
			"source_node_id" : 23,
			"target_node_id" : 24,
			"transformation" : 
			[
				0.99967108028831564,
				0.020095184502415587,
				-0.015934704107939183,
				0.0,
				-0.019908430325718016,
				0.99973225095662577,
				0.011793252272556332,
				0.0,
				0.0161674251864584,
				-0.011472138292925161,
				0.9998034828934278,
				0.0,
				0.0062682283994310124,
				0.0095586419392896093,
				-0.007596497468607793,
				1.0
			],
			"uncertain" : false,
			"version_major" : 1,
			"version_minor" : 0
		},
		{
			"class_name" : "PoseGraphEdge",
			"confidence" : 1.0,
			"information" : 
			[
				935108.75659749727,
				-983.08248312668684,
				15989.072247098162,
				0.0,
				-469605.96010422707,
				-21451.861601057928,
				-983.08248312668684,
				976354.46569573914,
				71609.863566597036,
				469605.96010422707,
				0.0,
				4591.3374792514369,
				15989.072247098162,
				71609.863566597036,
				140256.79711089566,
				21451.861601057928,
				-4591.3374792514369,
				0.0,
				0.0,
				469605.96010422707,
				21451.861601057928,
				260740.0,
				0.0,
				0.0,
				-469605.96010422707,
				0.0,
				-4591.3374792514369,
				0.0,
				260740.0,
				0.0,
				-21451.861601057928,
				4591.3374792514369,
				0.0,
				0.0,
				0.0,
				260740.0
			],
			"source_node_id" : 24,
			"target_node_id" : 25,
			"transformation" : 
			[
				0.99996225059724164,
				0.0044402889961108584,
				-0.0074686822218107954,
				0.0,
				-0.0043807988089232435,
				0.99995869976763985,
				0.0079628739036847231,
				0.0,
				0.0075037312248715663,
				-0.0079298545157690855,
				0.99994040393668671,
				0.0,
				0.0074236540471561193,
				0.0024613228675584584,
				-0.0059810081115358772,
				1.0
			],
			"uncertain" : false,
			"version_major" : 1,
			"version_minor" : 0
		},
		{
			"class_name" : "PoseGraphEdge",
			"confidence" : 1.0,
			"information" : 
			[
				913282.34895181167,
				-1077.0645647100339,
				15706.287579255677,
				0.0,
				-461461.29613089561,
				-21879.178107321262,
				-1077.0645647100339,
				952338.22909773071,
				72129.26029263137,
				461461.29613089561,
				0.0,
				4307.4169728978304,
				15706.287579255677,
				72129.26029263137,
				136150.40409469762,
				21879.178107321262,
				-4307.4169728978304,
				0.0,
				0.0,
				461461.29613089561,
				21879.178107321262,
				258353.0,
				0.0,
				0.0,
				-461461.29613089561,
				0.0,
				-4307.4169728978304,
				0.0,
				258353.0,
				0.0,
				-21879.178107321262,
				4307.4169728978304,
				0.0,
				0.0,
				0.0,
				258353.0
			],
			"source_node_id" : 25,
			"target_node_id" : 26,
			"transformation" : 
			[
				0.99994031050598076,
				0.0018759931499483329,
				-0.010763645985608725,
				0.0,
				-0.0017795697912281862,
				0.99995826738415039,
				0.0089608382111460959,
				0.0,
				0.010780007261607574,
				-0.0089411486840078307,
				0.99990191884186841,
				0.0,
				0.009267179113224791,
				0.0014645344348154527,
				-0.0083421739126350244,
				1.0
			],
			"uncertain" : false,
			"version_major" : 1,
			"version_minor" : 0
		},
		{
			"class_name" : "PoseGraphEdge",
			"confidence" : 1.0,
			"information" : 
			[
				903797.13705344195,
				-1200.3647162243485,
				17027.170653635483,
				0.0,
				-459572.40879952908,
				-21738.43665126001,
				-1200.3647162243485,
				941207.44749974785,
				72122.645843487946,
				459572.40879952908,
				0.0,
				4842.6891039217589,
				17027.170653635483,
				72122.645843487946,
				134060.86665297489,
				21738.43665126001,
				-4842.6891039217589,
				0.0,
				0.0,
				459572.40879952908,
				21738.43665126001,
				259611.0,
				0.0,
				0.0,
				-459572.40879952908,
				0.0,
				-4842.6891039217589,
				0.0,
				259611.0,
				0.0,
				-21738.43665126001,
				4842.6891039217589,
				0.0,
				0.0,
				0.0,
				259611.0
			],
			"source_node_id" : 26,
			"target_node_id" : 27,
			"transformation" : 
			[
				0.99989666363623853,
				-0.00017859475935361289,
				-0.014374635752947744,
				0.0,
				0.000282168019310925,
				0.99997401411863929,
				0.007203573326108167,
				0.0,
				0.014372975694923787,
				-0.0072068849975332862,
				0.99987073083389433,
				0.0,
				0.0028754631698348831,
				0.0010261500758602655,
				-0.0077828891955675815,
				1.0
			],
			"uncertain" : false,
			"version_major" : 1,
			"version_minor" : 0
		},
		{
			"class_name" : "PoseGraphEdge",
			"confidence" : 1.0,
			"information" : 
			[
				893935.32976174506,
				-1386.6758022758625,
				17324.708683861354,
				0.0,
				-457199.79443103075,
				-21822.970718782279,
				-1386.6758022758625,
				930449.83512504958,
				72366.169626437215,
				457199.79443103075,
				0.0,
				4982.7715719625121,
				17324.708683861354,
				72366.169626437215,
				132915.10994958479,
				21822.970718782279,
				-4982.7715719625121,
				0.0,
				0.0,
				457199.79443103075,
				21822.970718782279,
				260345.0,
				0.0,
				0.0,
				-457199.79443103075,
				0.0,
				-4982.7715719625121,
				0.0,
				260345.0,
				0.0,
				-21822.970718782279,
				4982.7715719625121,
				0.0,
				0.0,
				0.0,
				260345.0
			],
			"source_node_id" : 27,
			"target_node_id" : 28,
			"transformation" : 
			[
				0.99993365562104131,
				0.0041781834323241637,
				-0.010734390506518773,
				0.0,
				-0.004114255432101731,
				0.99997371186797057,
				0.0059706344079174306,
				0.0,
				0.0107590547252075,
				-0.005926074265433897,
				0.99992455934696423,
				0.0,
				0.0044020667228179388,
				0.0017999494327556444,
				-0.0080918838289941002,
				1.0
			],
			"uncertain" : false,
			"version_major" : 1,
			"version_minor" : 0
		},
		{
			"class_name" : "PoseGraphEdge",
			"confidence" : 1.0,
			"information" : 
			[
				881860.48811243579,
				-1549.193431325431,
				16483.844393738833,
				0.0,
				-453167.11304193735,
				-21959.613415437168,
				-1549.193431325431,
				917449.53110276,
				72391.517885587105,
				453167.11304193735,
				0.0,
				4546.6777376227546,
				16483.844393738833,
				72391.517885587105,
				130953.67852761273,
				21959.613415437168,
				-4546.6777376227546,
				0.0,
				0.0,
				453167.11304193735,
				21959.613415437168,
				259607.0,
				0.0,
				0.0,
				-453167.11304193735,
				0.0,
				-4546.6777376227546,
				0.0,
				259607.0,
				0.0,
				-21959.613415437168,
				4546.6777376227546,
				0.0,
				0.0,
				0.0,
				259607.0
			],
			"source_node_id" : 28,
			"target_node_id" : 29,
			"transformation" : 
			[
				0.99994223093340151,
				0.0055461064886368908,
				-0.0092073611175466068,
				0.0,
				-0.0054893360961417994,
				0.99996583912351589,
				0.0061796258159627733,
				0.0,
				0.0092413194488559832,
				-0.0061287265250146916,
				0.99993851647290111,
				0.0,
				0.0096313217121835916,
				0.0040387977632496902,
				-0.0090060999300765193,
				1.0
			],
			"uncertain" : false,
			"version_major" : 1,
			"version_minor" : 0
		},
		{
			"class_name" : "PoseGraphEdge",
			"confidence" : 1.0,
			"information" : 
			[
				844607.24536417925,
				-1384.2171510009125,
				12023.561457402968,
				0.0,
				-436351.75243538618,
				-21413.532498799497,
				-1384.2171510009125,
				874030.02970033744,
				70148.796237315648,
				436351.75243538618,
				0.0,
				1982.3931456930586,
				12023.561457402968,
				70148.796237315648,
				121181.32220894784,
				21413.532498799497,
				-1982.3931456930586,
				0.0,
				0.0,
				436351.75243538618,
				21413.532498799497,
				251818.0,
				0.0,
				0.0,
				-436351.75243538618,
				0.0,
				-1982.3931456930586,
				0.0,
				251818.0,
				0.0,
				-21413.532498799497,
				1982.3931456930586,
				0.0,
				0.0,
				0.0,
				251818.0
			],
			"source_node_id" : 29,
			"target_node_id" : 30,
			"transformation" : 
			[
				0.99952748252276036,
				0.008182479909731007,
				-0.029628680433660508,
				0.0,
				-0.0080160216271237452,
				0.9999514393089266,
				0.0057325754491564648,
				0.0,
				0.029674148327906782,
				-0.0054923625639277792,
				0.99954453571338164,
				0.0,
				0.010547237814766014,
				0.004092439617376052,
				-0.015561306432142638,
				1.0
			],
			"uncertain" : false,
			"version_major" : 1,
			"version_minor" : 0
		},
		{
			"class_name" : "PoseGraphEdge",
			"confidence" : 1.0,
			"information" : 
			[
				834897.78265837906,
				-1574.5110643162559,
				10639.734043498403,
				0.0,
				-433991.98286986351,
				-21193.778849715251,
				-1574.5110643162559,
				864097.38787263562,
				69823.004414049705,
				433991.98286986351,
				0.0,
				1283.9107966008014,
				10639.734043498403,
				69823.004414049705,
				120663.54018674178,
				21193.778849715251,
				-1283.9107966008014,
				0.0,
				0.0,
				433991.98286986351,
				21193.778849715251,
				252466.0,
				0.0,
				0.0,
				-433991.98286986351,
				0.0,
				-1283.9107966008014,
				0.0,
				252466.0,
				0.0,
				-21193.778849715251,
				1283.9107966008014,
				0.0,
				0.0,
				0.0,
				252466.0
			],
			"source_node_id" : 30,
			"target_node_id" : 31,
			"transformation" : 
			[
				0.99981177602667182,
				-0.0029048798328309617,
				-0.019182653402217361,
				0.0,
				0.0028643281781376355,
				0.99999360561067629,
				-0.0021411122919311517,
				0.0,
				0.019188750414779913,
				0.0020857638685968008,
				0.99981370337008457,
				0.0,
				0.019249462794419976,
				0.00047849440304428262,
				-0.011187187969588537,
				1.0
			],
			"uncertain" : false,
			"version_major" : 1,
			"version_minor" : 0
		},
		{
			"class_name" : "PoseGraphEdge",
			"confidence" : 1.0,
			"information" : 
			[
				856147.7221709009,
				-2530.5139110678892,
				16335.216482074668,
				0.0,
				-445474.44248008728,
				-22064.672701269621,
				-2530.5139110678892,
				886644.83861120604,
				72004.764873768261,
				445474.44248008728,
				0.0,
				4491.3413686903077,
				16335.216482074668,
				72004.764873768261,
				124354.42760617271,
				22064.672701269621,
				-4491.3413686903077,
				0.0,
				0.0,
				445474.44248008728,
				22064.672701269621,
				259425.0,
				0.0,
				0.0,
				-445474.44248008728,
				0.0,
				-4491.3413686903077,
				0.0,
